189,136
0,0
0,0
0,0
123,177
208,158
25,0
0,0
0,0
81,148
212,188
47,0
0,0
0,0
86,150
211,184
46,0
0,0
0,0
75,144
211,186
48,0
0,0
0,0
40,123
209,198
112,40
0,0
0,0
0,77
203,205
131,62
0,0
0,0
0,81
200,205
129,59
0,0
0,0
0,62
186,206
154,90
0,0
0,0
0,28
166,197
186,130
0,0
0,0
0,0
150,195
193,137
0,0
0,0
0,0
155,191
190,137
0,0
0,0
0,0
124,176
201,158
0,0
0,0
0,0
92,155
212,184
50,0
0,0
0,0
83,151
211,193
37,0
0,0
0,0
86,152
211,180
40,0
0,0
0,0
50,128
213,198
92,16
0,0
0,0
2,88
200,205
132,62
0,0
0,0
0,85
197,205
129,59
0,0
0,0
0,82
201,198
133,56
0,0
0,0
0,65
186,205
175,99
0,0
0,0
0,7
158,194
190,128
0,0
0,0
0,10
160,192
185,125
0,0
0,0
0,0
133,182
203,151
0,0
0,0
0,0
101,163
214,178
50,0
0,0
0,0
70,142
213,188
63,0
0,0
0,0
72,143
213,187
55,0
0,0
0,0
51,128
212,195
76,5
0,0
0,0
14,99
203,204
132,63
0,0
0,0
0,78
200,204
130,76
0,0
0,0
0,77
202,208
127,57
0,0
0,0
0,62
179,204
153,91
0,0
0,0
0,18
157,193
191,138
0,0
0,0
0,0
150,184
189,136
0,0
0,0
0,1
143,186
194,142
0,0
0,0
0,0
104,170
207,165
25,0
0,0
0,0
69,140
213,190
61,0
0,0
0,0
72,141
212,187
57,0
0,0
0,0
63,141
214,191
68,0
0,0
0,0
26,109
207,203
124,53
0,0
0,0
0,64
194,205
142,73
0,0
0,0
0,70
196,205
138,70
0,0
0,0
0,49
181,202
160,101
0,0
0,0
0,26
156,194
191,140
0,0
0,0
0,0
139,184
193,146
0,0
0,0
0,0
139,186
194,144
0,0
0,0
0,0
112,171
206,166
13,0
0,0
0,0
80,148
213,189
74,2
0,0
0,0
59,132
213,192
72,0
0,0
0,0
64,135
207,191
68,0
0,0
0,0
39,117
211,198
90,17
0,0
0,0
2,88
199,205
142,73
0,0
0,0
0,72
193,207
140,72
0,0
0,0
0,71
197,205
137,69
0,0
0,0
0,51
180,202
176,100
0,0
0,0
0,7
148,188
191,137
0,0
0,0
0,0
168,190
192,135
0,0
0,0
0,2
144,187
194,142
0,0
0,0
0,0
115,170
205,165
25,0
0,0
0,0
70,138
212,189
60,0
0,0
0,0
72,143
213,188
57,0
0,0
0,0
58,135
214,192
64,0
0,0
0,0
26,107
204,202
112,39
0,0
0,0
0,66
194,204
140,73
0,0
0,0
0,69
195,205
139,70
0,0
0,0
0,59
187,204
156,91
0,0
0,0
0,29
164,198
182,130
0,0
0,0
0,0
139,187
198,147
0,0
0,0
0,0
138,187
197,144
0,0
0,0
0,0
114,168
206,167
13,0
0,0
0,0
80,147
213,189
75,2
0,0
0,0
44,115
212,197
84,9
0,0
0,0
48,123
212,198
81,9
0,0
0,0
25,108
209,210
101,29
0,0
0,0
1,87
199,205
146,77
0,0
0,0
0,68
195,205
127,71
0,0
0,0
0,71
196,205
136,69
0,0
0,0
0,52
180,201
163,100
0,0
0,0
0,18
157,193
190,138
0,0
0,0
0,0
150,189
189,140
0,0
0,0
0,0
154,192
187,127
0,0
0,0
0,0
125,176
204,158
11,0
0,0
0,0
83,149
211,183
44,0
0,0
0,0
84,155
212,182
44,0
0,0
0,0
90,153
209,180
41,0
0,0
0,0
53,128
218,198
88,15
0,0
0,0
3,89
204,204
119,35
0,0
0,0
5,93
206,204
118,47
0,0
0,0
0,85
198,206
136,67
0,0
0,0
0,52
181,203
170,109
0,0
0,0
0,20
159,194
184,127
0,0
0,0
0,11
161,194
181,124
0,0
0,0
0,0
135,182
199,156
0,0
0,0
0,0
104,164
210,178
49,0
0,0
0,0
71,141
212,187
50,0
0,0
0,0
75,143
218,187
55,0
0,0
0,0
51,128
208,194
76,4
0,0
0,0
16,99
203,205
130,61
0,0
0,0
0,80
200,204
129,59
0,0
0,0
0,83
202,205
127,56
0,0
0,0
0,62
187,206
154,84
0,0
0,0
0,19
158,185
172,128
0,0
0,0
0,10
162,195
182,123
0,0
0,0
0,14
162,196
180,121
0,0
0,0
0,0
151,183
197,148
0,0
0,0
0,0
109,165
208,174
8,0
0,0
0,0
109,167
207,167
16,0
0,0
0,0
90,154
211,180
40,0
0,0
0,0
49,129
211,198
99,27
0,0
0,0
21,101
207,203
114,36
0,0
0,0
25,104
207,202
104,34
0,0
0,0
0,85
197,205
135,63
0,0
0,0
0,42
174,193
178,118
0,0
0,0
0,21
168,201
176,116
0,0
0,0
0,25
172,199
172,113
0,0
0,0
0,4
146,188
192,140
0,0
0,0
0,0
105,166
208,164
13,0
0,0
0,0
111,167
205,169
17,0
0,0
0,0
99,158
209,171
26,0
0,0
0,0
66,138
213,194
87,16
0,0
0,0
4,90
205,204
119,48
0,0
0,0
9,85
206,204
115,50
0,0
0,0
0,73
193,205
144,69
0,0
0,0
0,41
173,200
177,119
0,0
0,0
0,9
158,194
182,126
0,0
0,0
0,11
161,195
182,124
0,0
0,0
0,0
138,182
197,149
0,0
0,0
0,0
105,164
211,177
34,0
0,0
0,0
97,159
210,176
31,0
0,0
0,0
99,160
209,174
27,0
0,0
0,0
66,138
212,188
59,0
0,0
0,0
30,111
210,199
110,25
0,0
0,0
29,113
210,200
94,20
0,0
0,0
24,106
208,201
103,27
0,0
0,0
1,78
198,205
143,75
0,0
0,0
0,52
182,203
158,95
0,0
0,0
0,46
184,202
157,94
0,0
0,0
0,38
179,201
164,100
0,0
0,0
0,16
156,194
191,142
0,0
0,0
0,0
129,179
200,152
0,0
0,0
0,0
132,179
194,152
0,0
0,0
0,0
102,164
209,171
25,0
0,0
0,0
68,139
212,193
84,13
0,0
0,0
46,123
211,194
84,10
0,0
0,0
49,126
212,197
80,6
0,0
0,0
13,98
203,204
123,52
0,0
0,0
0,55
186,202
160,96
0,0
0,0
0,47
183,204
157,93
0,0
0,0
0,38
178,200
166,102
0,0
0,0
0,19
156,193
191,139
0,0
0,0
0,0
115,172
204,163
15,0
0,0
0,0
121,174
203,159
0,0
0,0
0,0
102,162
208,168
28,0
0,0
0,0
68,139
216,193
92,14
0,0
0,0
49,123
212,197
84,11
0,0
0,0
48,125
212,195
79,7
0,0
0,0
26,105
199,200
101,28
0,0
0,0
0,59
193,205
142,74
0,0
0,0
0,70
195,204
138,72
0,0
0,0
0,72
198,205
136,68
0,0
0,0
0,53
181,203
163,98
0,0
0,0
0,10
158,195
183,120
0,0
0,0
0,11
161,195
181,124
0,0
0,0
0,2
145,187
192,141
0,0
0,0
0,0
116,171
209,171
42,0
0,0
0,0
84,150
211,182
39,0
0,0
0,0
87,154
211,180
41,0
0,0
0,0
67,137
212,190
64,0
0,0
0,0
28,110
206,201
120,50
0,0
0,0
8,88
204,204
118,47
0,0
0,0
11,94
206,204
114,44
0,0
0,0
0,74
193,205
144,76
0,0
0,0
0,32
163,198
176,117
0,0
0,0
0,23
156,198
174,114
0,0
0,0
0,26
172,200
172,112
0,0
0,0
0,8
147,189
191,139
0,0
0,0
0,0
118,173
204,160
9,0
0,0
0,0
121,174
203,162
2,0
0,0
0,0
103,163
209,172
10,0
0,0
0,0
68,139
212,194
86,13
0,0
0,0
32,121
210,199
94,20
0,0
0,0
36,115
210,199
92,17
0,0
0,0
38,96
202,205
123,51
0,0
0,0
0,55
180,192
169,94
0,0
0,0
0,33
177,199
167,103
0,0
0,0
0,36
178,202
176,101
0,0
0,0
0,12
155,193
185,130
0,0
0,0
0,0
130,177
201,154
0,0
0,0
0,0
124,181
199,158
0,0
0,0
0,0
113,169
206,166
13,0
0,0
0,0
80,148
212,189
74,1
0,0
0,0
46,124
215,196
83,10
0,0
0,0
48,119
212,196
80,7
0,0
0,0
26,108
209,201
114,28
0,0
0,0
0,77
194,205
151,85
0,0
0,0
0,57
190,206
149,84
0,0
0,0
0,61
193,205
142,79
0,0
0,0
0,40
173,200
171,110
0,0
0,0
0,0
139,184
197,133
0,0
0,0
0,0
136,186
194,144
0,0
0,0
0,0
135,182
198,150
0,0
0,0
0,0
104,164
208,169
36,0
0,0
0,0
70,140
213,188
57,0
0,0
0,0
70,143
211,187
55,0
0,0
0,0
57,127
211,197
76,3
0,0
0,0
16,100
202,204
133,63
0,0
0,0
0,68
195,206
139,71
0,0
0,0
0,74
198,205
143,68
0,0
0,0
0,51
186,202
164,99
0,0
0,0
0,7
148,190
196,149
0,0
0,0
0,0
141,185
192,144
0,0
0,0
0,0
143,188
193,141
0,0
0,0
0,0
115,171
205,165
20,0
0,0
0,0
70,141
212,194
57,0
0,0
0,0
74,144
212,187
55,0
0,0
0,0
43,127
212,195
77,4
0,0
0,0
15,99
204,204
133,63
0,0
0,0
0,68
195,205
140,71
0,0
0,0
0,71
186,205
137,67
0,0
0,0
0,50
180,203
163,99
0,0
0,0
0,7
149,189
196,146
0,0
0,0
0,0
141,185
195,145
0,0
0,0
0,0
134,182
198,148
0,0
0,0
0,0
104,164
208,172
26,0
0,0
0,0
56,131
213,193
71,0
0,0
0,0
61,134
206,191
68,0
0,0
0,0
52,128
212,194
82,4
0,0
0,0
16,100
203,200
133,62
0,0
0,0
0,57
189,205
148,84
0,0
0,0
0,60
192,204
146,76
0,0
0,0
0,40
173,201
170,110
0,0
0,0
0,8
149,189
196,147
0,0
0,0
0,0
141,184
195,143
0,0
0,0
0,0
134,182
197,143
0,0
0,0
0,0
104,164
209,177
49,0
0,0
0,0
31,122
212,204
83,10
0,0
0,0
49,125
212,195
80,3
0,0
0,0
25,105
209,200
101,28
0,0
0,0
3,88
199,204
140,76
0,0
0,0
0,44
183,203
155,93
0,0
0,0
0,49
185,204
156,87
0,0
0,0
0,28
164,195
178,121
0,0
0,0
0,0
139,184
200,155
6,0
0,0
0,0
120,174
203,161
3,0
0,0
0,0
123,177
204,158
0,0
0,0
0,0
91,155
211,179
39,0
0,0
0,0
66,131
212,192
65,0
0,0
0,0
62,134
215,192
66,0
0,0
0,0
52,127
212,194
77,4
0,0
0,0
15,99
198,204
132,63
0,0
0,0
0,46
184,204
159,96
0,0
0,0
0,48
185,202
143,91
0,0
0,0
0,26
164,197
179,122
0,0
0,0
0,0
138,183
202,155
5,0
0,0
0,0
108,168
209,170
18,0
0,0
0,0
112,169
207,166
13,0
0,0
0,0
91,155
210,179
37,0
0,0
0,0
57,133
211,191
97,32
0,0
0,0
34,113
212,199
94,21
0,0
0,0
42,116
213,199
90,20
0,0
0,0
14,98
203,204
122,52
0,0
0,0
0,55
185,203
159,96
0,0
0,0
0,46
185,203
157,92
0,0
0,0
0,38
180,202
164,100
0,0
0,0
0,17
158,194
190,138
0,0
0,0
0,0
121,173
204,162
6,0
0,0
0,0
122,174
202,160
1,0
0,0
0,0
90,155
214,179
37,0
0,0
0,0
58,131
211,197
97,24
0,0
0,0
33,107
211,199
94,21
0,0
0,0
38,115
210,222
93,18
0,0
0,0
14,97
203,204
122,54
0,0
0,0
0,56
182,202
172,95
0,0
0,0
0,47
179,204
160,92
0,0
0,0
0,38
179,202
164,100
0,0
0,0
0,18
157,194
192,144
0,0
0,0
0,0
129,180
200,153
0,0
0,0
0,0
133,181
198,151
0,0
0,0
0,0
102,165
200,172
24,0
0,0
0,0
60,140
215,193
89,11
0,0
0,0
47,124
211,196
82,14
0,0
0,0
50,127
212,194
79,5
0,0
0,0
14,98
203,204
124,51
0,0
0,0
0,56
185,204
159,98
0,0
0,0
0,47
184,204
146,92
0,0
0,0
0,39
177,202
163,100
0,0
0,0
0,18
157,195
191,140
0,0
0,0
0,0
129,180
200,153
0,0
0,0
0,0
133,183
198,151
0,0
0,0
0,0
103,162
208,172
24,0
0,0
0,0
69,138
212,194
85,12
0,0
0,0
47,123
211,196
82,9
0,0
0,0
49,126
212,195
78,5
0,0
0,0
28,108
209,200
108,27
0,0
0,0
0,79
196,206
141,72
0,0
0,0
0,71
196,205
138,69
0,0
0,0
0,64
192,205
145,79
0,0
0,0
0,46
175,195
177,118
0,0
0,0
0,0
150,211
190,135
0,0
0,0
0,1
155,192
187,126
0,0
0,0
0,0
125,177
202,157
0,0
0,0
0,0
94,157
212,184
59,0
0,0
0,0
73,143
213,187
55,0
0,0
0,0
76,147
211,186
52,0
0,0
0,0
41,119
209,202
104,26
0,0
0,0
0,79
200,204
130,60
0,0
0,0
0,83
200,205
127,57
0,0
0,0
0,73
196,205
134,65
0,0
0,0
0,54
186,202
169,107
0,0
0,0
0,10
160,195
182,127
0,0
0,0
0,17
162,196
182,122
0,0
0,0
0,0
136,183
197,148
0,0
0,0
0,0
106,165
210,176
33,0
0,0
0,0
98,160
213,176
29,0
0,0
0,0
101,162
210,173
26,0
0,0
0,0
67,129
213,199
76,1
0,0
0,0
19,101
204,202
107,36
0,0
0,0
22,105
208,201
103,32
0,0
0,0
12,97
206,203
112,41
0,0
0,0
0,77
194,205
152,85
0,0
0,0
0,34
177,201
155,105
0,0
0,0
0,35
180,201
165,102
0,0
0,0
0,16
155,193
185,130
0,0
0,0
0,0
128,178
204,163
20,0
0,0
0,0
109,165
211,168
16,0
0,0
0,0
113,184
206,166
13,0
0,0
0,0
80,147
206,190
75,2
0,0
0,0
19,90
201,202
107,38
0,0
0,0
22,104
210,201
104,34
0,0
0,0
5,96
207,206
112,41
0,0
0,0
0,78
194,207
151,85
0,0
0,0
0,34
176,200
167,105
0,0
0,0
0,37
178,199
165,94
0,0
0,0
0,17
156,193
185,130
0,0
0,0
0,0
139,179
205,162
5,0
0,0
0,0
121,175
203,160
2,0
0,0
0,0
124,176
201,158
0,0
0,0
0,0
96,157
delay,correlation
highshift: (milli*1000)299
highr: (*1000)986
66,138
208,190
63,0
0,0
0,0
30,111
208,201
120,49
0,0
0,0
0,81
200,205
128,58
0,0
0,0
0,84
202,202
125,54
0,0
0,0
0,64
187,204
152,84
0,0
0,0
0,20
160,194
188,136
0,0
0,0
0,0
158,192
187,135
0,0
0,0
0,3
154,193
186,131
0,0
0,0
0,0
127,178
201,156
10,0
0,0
0,0
84,150
219,182
42,0
0,0
0,0
87,153
212,180
41,0
0,0
0,0
66,138
213,190
63,0
0,0
0,0
31,111
207,202
121,49
0,0
0,0
0,69
196,205
141,70
0,0
0,0
0,73
197,205
135,69
0,0
0,0
0,53
181,202
162,98
0,0
0,0
0,8
149,190
197,145
0,0
0,0
0,0
142,186
193,143
0,0
0,0
0,0
139,188
192,139
0,0
0,0
0,0
117,181
205,164
23,0
0,0
0,0
72,135
213,187
57,0
0,0
0,0
75,145
213,186
53,0
0,0
0,0
53,128
212,195
76,3
0,0
0,0
16,100
204,204
131,62
0,0
0,0
0,56
190,205
149,83
0,0
0,0
0,61
187,205
146,78
0,0
0,0
0,43
173,200
170,109
0,0
0,0
0,7
149,190
195,146
0,0
0,0
0,0
130,181
199,152
0,0
0,0
0,0
132,181
198,151
0,0
0,0
0,0
104,164
208,172
21,0
0,0
0,0
71,142
213,193
71,0
0,0
0,0
60,134
211,191
67,0
0,0
0,0
64,136
210,189
65,0
0,0
0,0
29,109
207,203
110,38
0,0
0,0
0,69
190,204
149,85
0,0
0,0
0,60
190,204
148,81
0,0
0,0
0,55
187,204
154,88
0,0
0,0
0,31
166,198
191,128
0,0
0,0
0,0
131,180
200,150
0,0
0,0
0,0
133,183
198,149
0,0
0,0
0,0
115,170
206,165
10,0
0,0
0,0
80,149
213,186
73,16
0,0
0,0
46,124
212,196
82,8
0,0
0,0
51,126
212,195
103,5
0,0
0,0
28,109
209,200
99,27
0,0
0,0
0,78
195,205
150,83
0,0
0,0
0,59
191,204
148,81
0,0
0,0
0,60
193,205
145,66
0,0
0,0
0,58
174,200
168,109
0,0
0,0
0,9
150,190
195,145
0,0
0,0
0,0
142,185
194,138
0,0
0,0
0,0
135,181
198,147
0,0
0,0
0,0
105,165
208,172
35,0
0,0
0,0
59,133
212,192
69,0
0,0
0,0
62,136
215,191
66,0
0,0
0,0
53,129
212,194
76,3
0,0
0,0
18,97
204,204
131,62
0,0
0,0
0,58
190,205
149,82
0,0
0,0
0,60
193,203
139,78
0,0
0,0
0,41
173,200
171,109
0,0
0,0
0,8
152,189
194,145
0,0
0,0
0,0
132,180
199,151
0,0
0,0
0,0
135,182
190,150
0,0
0,0
0,0
106,163
207,171
21,0
0,0
0,0
71,139
212,199
74,0
0,0
0,0
61,137
210,191
69,0
0,0
0,0
65,137
213,190
63,0
0,0
0,0
29,110
207,205
120,53
0,0
0,0
0,57
190,204
135,82
0,0
0,0
0,61
193,220
147,79
0,0
0,0
0,41
173,200
170,110
0,0
0,0
0,8
149,191
195,146
0,0
0,0
0,0
133,181
199,152
0,0
0,0
0,0
123,182
197,150
0,0
0,0
0,0
104,164
210,171
22,0
0,0
0,0
72,141
212,193
71,0
0,0
0,0
63,133
213,191
67,0
0,0
0,0
65,138
217,190
63,0
0,0
0,0
31,111
207,202
120,49
0,0
0,0
0,59
189,205
149,82
0,0
0,0
0,60
189,204
146,87
0,0
0,0
0,41
173,200
171,109
0,0
0,0
0,0
149,190
195,145
0,0
0,0
0,0
133,181
198,152
0,0
0,0
0,0
134,181
196,150
0,0
0,0
0,0
109,165
208,166
21,0
0,0
0,0
71,142
213,187
55,0
0,0
0,0
75,144
211,184
49,0
0,0
0,0
66,138
212,189
63,0
0,0
0,0
31,112
207,204
117,52
0,0
0,0
0,70
196,205
138,68
0,0
0,0
0,73
198,208
139,67
0,0
0,0
0,53
181,203
161,97
0,0
0,0
0,20
162,195
189,136
0,0
0,0
0,3
154,191
187,133
0,0
0,0
0,3
155,192
186,132
0,0
0,0
0,0
127,178
201,161
0,0
0,0
0,0
97,159
208,176
30,0
0,0
0,0
100,172
209,171
24,0
0,0
0,0
91,155
211,178
37,0
0,0
0,0
57,131
211,197
97,22
0,0
0,0
17,104
208,193
105,33
0,0
0,0
24,105
207,194
102,30
0,0
0,0
1,88
199,205
132,62
0,0
0,0
0,44
175,202
176,117
0,0
0,0
0,24
170,199
173,114
0,0
0,0
0,32
169,200
171,110
0,0
0,0
0,7
148,189
191,139
0,0
0,0
0,0
109,168
207,169
17,0
0,0
0,0
112,167
206,167
13,0
0,0
0,0
103,163
208,172
24,0
0,0
0,0
66,141
213,193
84,12
0,0
0,0
7,92
205,210
116,46
0,0
0,0
11,85
203,204
114,43
0,0
0,0
0,76
193,205
145,76
0,0
0,0
0,44
175,204
176,117
0,0
0,0
0,13
158,195
181,125
0,0
0,0
0,14
163,196
179,122
0,0
0,0
0,0
137,190
196,148
0,0
0,0
0,0
108,166
210,175
32,0
0,0
0,0
99,161
209,170
34,0
0,0
0,0
102,163
209,173
24,0
0,0
0,0
68,143
213,188
60,0
0,0
0,0
33,114
208,200
94,29
0,0
0,0
36,115
208,198
90,18
0,0
0,0
28,108
209,201
98,27
0,0
0,0
0,80
195,205
150,86
0,0
0,0
0,25
171,198
175,115
0,0
0,0
0,28
172,204
172,112
0,0
0,0
0,5
147,189
191,139
0,0
0,0
0,0
119,173
207,169
32,0
0,0
0,0
86,152
211,181
42,0
0,0
0,0
90,156
211,179
38,0
0,0
0,0
66,139
212,189
61,0
0,0
0,0
33,113
208,202
107,41
0,0
0,0
23,102
208,201
102,31
0,0
0,0
27,103
209,201
100,29
0,0
0,0
0,89
200,204
129,60
0,0
0,0
0,46
184,203
157,93
0,0
0,0
0,47
185,204
155,90
0,0
0,0
0,41
173,201
170,112
0,0
0,0
0,9
149,189
197,146
0,0
0,0
0,0
121,174
204,160
4,0
0,0
0,0
122,176
202,158
0,0
0,0
0,0
92,156
210,178
35,0
0,0
0,0
57,131
212,197
96,23
0,0
0,0
35,116
211,199
92,20
0,0
0,0
39,118
211,198
88,16
0,0
0,0
17,101
204,203
109,41
0,0
0,0
0,68
189,204
148,84
0,0
0,0
0,60
189,205
145,72
0,0
0,0
0,64
187,205
153,86
0,0
0,0
0,32
167,198
183,126
0,0
0,0
0,0
142,187
194,145
0,0
0,0
0,0
144,187
192,140
0,0
0,0
0,0
115,171
205,165
8,0
0,0
0,0
84,150
213,189
70,0
0,0
0,0
62,135
213,191
66,0
0,0
0,0
63,137
212,190
65,0
0,0
0,0
29,110
207,202
110,37
0,0
0,0
0,71
197,205
138,70
0,0
0,0
0,74
197,205
137,67
0,0
0,0
0,64
187,206
152,86
0,0
0,0
0,33
162,198
186,126
0,0
0,0
0,0
144,186
194,140
0,0
0,0
0,0
145,188
192,142
0,0
0,0
0,0
116,172
204,165
7,0
0,0
0,0
83,149
212,188
69,0
0,0
0,0
61,135
212,191
67,0
0,0
0,0
66,137
213,189
63,0
0,0
0,0
22,111
207,202
109,38
0,0
0,0
0,71
198,206
138,57
0,0
0,0
0,62
202,206
136,66
0,0
0,0
0,64
193,207
144,75
0,0
0,0
0,44
175,201
178,117
0,0
0,0
0,0
150,191
188,132
0,0
0,0
0,3
156,192
186,131
0,0
0,0
0,0
130,178
201,155
0,0
0,0
0,0
98,159
212,182
44,0
0,0
0,0
88,157
211,180
41,0
0,0
0,0
91,155
211,177
34,0
0,0
0,0
57,132
212,197
97,23
0,0
0,0
0,83
200,206
127,59
0,0
0,0
0,85
202,205
124,54
0,0
0,0
0,65
187,205
154,87
0,0
0,0
0,33
168,199
182,126
0,0
0,0
0,0
155,191
188,133
0,0
0,0
0,3
156,193
186,133
0,0
0,0
0,0
129,179
199,155
6,0
0,0
0,0
85,151
211,181
30,0
0,0
0,0
89,152
210,174
38,0
0,0
0,0
68,139
211,182
62,0
0,0
0,0
32,112
208,202
119,46
0,0
0,0
16,83
201,205
126,56
0,0
0,0
0,86
202,204
123,51
0,0
0,0
0,67
189,206
151,84
0,0
0,0
0,22
161,195
182,125
0,0
0,0
0,16
163,199
179,121
0,0
0,0
0,5
147,189
192,136
0,0
0,0
0,0
120,173
207,170
32,0
0,0
0,0
86,152
207,180
41,0
0,0
0,0
90,155
211,179
37,0
0,0
0,0
56,135
212,193
74,0
0,0
0,0
20,102
205,202
118,44
0,0
0,0
10,98
206,204
114,43
0,0
0,0
1,87
203,204
122,53
0,0
0,0
0,62
189,204
157,95
0,0
0,0
0,20
170,198
161,113
0,0
0,0
0,26
172,205
172,111
0,0
0,0
0,6
149,189
190,138
0,0
0,0
0,0
119,174
208,159
31,0
0,0
0,0
100,163
210,174
27,0
0,0
0,0
103,163
208,181
23,0
0,0
0,0
70,140
213,191
84,11
0,0
0,0
7,95
204,203
117,45
0,0
0,0
11,94
206,204
112,42
0,0
0,0
0,77
192,204
145,74
0,0
0,0
0,44
176,199
175,116
0,0
0,0
0,12
162,196
178,123
0,0
0,0
0,16
164,197
177,118
0,0
0,0
0,0
139,184
196,146
0,0
0,0
0,0
109,167
207,169
18,0
0,0
0,0
112,161
206,166
13,0
0,0
0,0
103,163
210,171
22,0
0,0
0,0
71,141
212,192
86,10
0,0
0,0
22,104
209,202
104,32
0,0
0,0
26,108
209,200
101,28
0,0
0,0
2,95
199,204
133,62
0,0
0,0
0,45
176,201
178,116
0,0
0,0
0,2
162,196
180,124
0,0
0,0
0,16
164,197
178,119
0,0
0,0
0,0
146,185
196,146
0,0
0,0
0,0
109,168
207,169
16,0
0,0
0,0
113,166
206,166
14,0
0,0
0,0
92,157
213,178
35,0
0,0
0,0
59,140
212,196
95,26
0,0
0,0
23,103
199,201
104,37
0,0
0,0
26,108
209,201
100,28
0,0
0,0
3,89
198,205
131,60
0,0
0,0
0,45
178,204
174,114
0,0
0,0
0,25
171,199
188,112
0,0
0,0
0,28
173,200
170,113
0,0
0,0
0,8
149,190
189,138
0,0
0,0
0,0
132,181
199,152
0,0
0,0
0,0
135,185
197,150
0,0
0,0
0,0
119,171
203,164
9,0
0,0
0,0
84,148
213,187
70,0
0,0
0,0
53,125
204,195
79,5
0,0
0,0
53,128
212,194
75,3
0,0
0,0
27,111
208,201
111,37
0,0
0,0
0,69
188,205
148,81
0,0
0,0
0,62
192,205
145,78
0,0
0,0
0,54
188,204
154,86
0,0
0,0
0,33
168,199
182,126
0,0
0,0
0,0
143,184
193,136
0,0
0,0
0,0
146,188
192,136
0,0
0,0
0,0
116,172
204,160
6,0
0,0
0,0
85,152
214,187
76,0
0,0
0,0
64,137
202,191
64,0
0,0
0,0
67,139
213,189
62,0
0,0
0,0
31,112
208,195
119,48
0,0
0,0
0,57
191,204
147,80
0,0
0,0
0,62
193,207
145,77
0,0
0,0
0,45
182,204
163,97
0,0
0,0
0,22
162,194
188,138
0,0
0,0
0,0
143,188
193,142
0,0
0,0
0,0
146,188
192,140
0,0
0,0
0,0
118,173
205,163
3,0
0,0
0,0
86,150
211,181
43,0
0,0
0,0
89,154
210,179
38,0
0,0
0,0
80,147
211,184
45,0
0,0
0,0
45,124
208,200
108,35
0,0
0,0
0,84
200,205
126,61
0,0
0,0
0,85
202,204
123,52
0,0
0,0
0,66
188,204
151,85
0,0
0,0
0,22
160,195
188,135
0,0
0,0
0,2
153,192
187,130
0,0
0,0
0,5
156,193
185,126
0,0
0,0
0,0
129,180
200,154
10,0
0,0
0,0
88,152
204,181
42,0
0,0
0,0
99,155
211,179
38,0
0,0
0,0
80,148
212,183
47,0
0,0
0,0
41,123
210,200
107,35
0,0
0,0
1,94
204,203
115,37
0,0
0,0
13,97
206,203
112,40
0,0
0,0
0,78
195,206
140,73
0,0
0,0
0,33
172,198
181,123
0,0
0,0
0,14
163,194
180,122
0,0
0,0
0,18
166,200
176,117
0,0
0,0
0,0
140,188
194,145
0,0
0,0
0,0
110,166
207,168
14,0
0,0
0,0
113,172
206,165
7,0
0,0
0,0
93,157
210,178
35,0
0,0
0,0
61,132
212,196
94,22
0,0
0,0
36,116
211,199
89,18
0,0
0,0
41,112
211,198
87,14
0,0
0,0
18,103
206,202
108,34
0,0
0,0
0,71
191,204
147,81
0,0
0,0
0,60
192,207
145,78
0,0
0,0
0,55
187,210
149,86
0,0
0,0
0,35
168,200
182,127
0,0
0,0
0,0
143,187
199,142
0,0
0,0
0,0
146,187
193,140
0,0
0,0
0,0
117,172
204,164
6,0
0,0
0,0
85,153
212,187
69,0
0,0
0,0
63,136
212,191
64,0
0,0
0,0
66,138
212,189
62,0
0,0
0,0
23,112
207,203
117,49
0,0
0,0
0,59
192,201
147,81
0,0
0,0
0,64
193,205
145,77
0,0
0,0
0,53
181,203
161,88
0,0
0,0
0,21
160,194
187,134
0,0
0,0
0,0
133,181
198,151
0,0
0,0
0,0
136,183
197,149
0,0
0,0
0,0
108,165
207,170
20,0
0,0
0,0
73,143
213,189
69,0
0,0
0,0
64,135
212,190
65,0
0,0
0,0
67,141
213,194
61,0
0,0
0,0
32,113
208,202
118,47
0,0
0,0
0,72
197,216
136,66
0,0
0,0
0,75
198,205
134,66
0,0
0,0
0,51
180,203
160,96
0,0
0,0
0,22
155,195
188,134
0,0
0,0
0,0
144,186
194,141
0,0
0,0
0,0
147,188
193,139
0,0
0,0
0,0
122,173
204,162
5,0
0,0
0,0
87,152
211,180
41,0
0,0
0,0
89,154
211,179
38,0
0,0
0,0
69,140
212,188
60,0
0,0
0,0
34,115
208,203
118,45
0,0
0,0
0,83
201,204
126,56
0,0
0,0
0,87
203,194
119,52
0,0
0,0
0,67
190,204
151,85
0,0
0,0
0,23
159,195
187,134
0,0
0,0
0,4
155,193
184,133
0,0
0,0
0,5
156,194
186,129
0,0
0,0
0,0
130,180
204,154
5,0
0,0
0,0
86,148
209,181
42,0
0,0
0,0
90,155
204,179
35,0
0,0
0,0
80,148
212,194
48,0
0,0
0,0
44,123
203,199
105,34
0,0
0,0
0,83
200,198
125,56
0,0
0,0
0,87
203,197
122,52
0,0
0,0
0,69
188,204
150,84
0,0
0,0
0,23
160,195
186,135
0,0
0,0
0,2
154,192
193,131
0,0
0,0
0,6
156,194
185,131
0,0
0,0
0,0
130,179
200,153
5,0
0,0
0,0
85,153
211,180
40,0
0,0
0,0
91,155
211,175
51,0
0,0
0,0
69,139
212,183
59,0
0,0
0,0
34,113
208,202
118,46
0,0
0,0
0,85
202,192
133,54
0,0
0,0
1,88
203,201
122,51
0,0
0,0
0,68
188,204
150,76
0,0
0,0
0,24
162,195
184,124
0,0
0,0
0,15
164,196
179,121
0,0
0,0
0,18
166,198
176,117
0,0
0,0
0,0
141,187
200,153
4,0
0,0
0,0
111,169
218,166
12,0
0,0
0,0
115,168
206,166
10,0
0,0
0,0
95,159
207,177
32,0
0,0
0,0
61,134
211,194
92,20
0,0
0,0
41,118
210,202
90,17
0,0
0,0
40,120
212,204
86,14
0,0
0,0
17,102
205,204
128,60
0,0
0,0
0,45
184,204
156,91
0,0
0,0
0,52
186,204
148,88
0,0
0,0
0,43
172,200
168,108
0,0
0,0
0,11
150,191
194,143
0,0
0,0
0,0
135,181
197,150
0,0
0,0
0,0
137,186
196,148
0,0
0,0
0,0
101,166
208,172
19,0
0,0
0,0
74,143
212,186
51,0
0,0
0,0
76,146
212,185
51,0
0,0
0,0
68,140
212,187
60,0
0,0
0,0
33,113
207,210
117,46
0,0
0,0
0,72
196,205
135,67
0,0
0,0
0,78
198,205
134,63
0,0
0,0
0,54
182,203
161,95
0,0
0,0
0,11
150,191
194,142
0,0
0,0
0,0
146,184
192,141
0,0
0,0
0,0
146,189
191,139
0,0
0,0
0,0
119,174
207,168
17,0
0,0
0,0
75,144
213,188
55,0
0,0
0,0
78,146
212,190
51,0
0,0
0,0
57,131
213,194
72,1
0,0
0,0
21,103
197,204
128,58
0,0
0,0
0,73
198,205
136,66
0,0
0,0
0,79
198,205
132,63
0,0
0,0
0,56
183,203
159,92
0,0
0,0
0,12
153,191
188,132
0,0
0,0
0,4
154,193
185,129
0,0
0,0
0,6
149,192
190,138
0,0
0,0
0,0
115,173
206,168
30,0
0,0
0,0
89,152
211,177
39,0
0,0
0,0
90,156
210,184
36,0
0,0
0,0
81,139
213,186
57,0
0,0
0,0
35,114
207,201
104,38
0,0
0,0
26,109
209,201
101,30
0,0
0,0
30,116
209,207
97,27
0,0
0,0
2,92
201,203
139,71
0,0
0,0
0,48
185,203
154,91
0,0
0,0
0,52
187,204
153,85
0,0
0,0
0,32
167,198
180,117
0,0
0,0
0,0
142,186
199,155
3,0
0,0
0,0
118,176
202,158
0,0
0,0
0,0
127,177
201,156
8,0
0,0
0,0
97,162
212,182
56,0
0,0
0,0
37,116
210,198
91,15
0,0
0,0
41,118
212,197
88,15
0,0
0,0
17,101
201,202
107,36
0,0
0,0
0,81
196,205
148,80
0,0
0,0
0,50
186,204
155,89
0,0
0,0
0,61
187,204
152,85
0,0
0,0
0,33
168,199
176,116
0,0
0,0
0,1
143,187
193,139
0,0
0,0
0,0
146,188
189,140
0,0
0,0
0,0
139,185
196,147
0,0
0,0
0,0
108,166
210,188
42,0
0,0
0,0
63,148
212,191
65,0
0,0
0,0
67,138
213,190
63,0
0,0
0,0
24,122
211,196
71,11
0,0
0,0
8,93
203,205
138,71
0,0
0,0
0,71
193,205
145,78
0,0
0,0
0,65
202,205
140,74
0,0
0,0
0,45
176,201
164,105
0,0
0,0
0,0
153,192
187,125
0,0
0,0
0,4
155,184
185,131
0,0
0,0
0,7
149,190
188,137
0,0
0,0
0,0
120,173
207,168
30,0
0,0
0,0
88,154
211,181
39,0
0,0
0,0
84,156
211,177
35,0
0,0
0,0
67,141
212,188
45,0
0,0
0,0
36,113
201,201
104,28
0,0
0,0
26,107
209,200
98,28
0,0
0,0
16,96
209,202
110,39
0,0
0,0
0,81
195,205
148,81
0,0
0,0
0,38
179,201
163,101
0,0
0,0
0,41
181,203
161,98
0,0
0,0
0,20
159,194
189,126
0,0
0,0
0,0
130,181
203,160
9,0
0,0
0,0
125,176
202,158
0,0
0,0
0,0
127,178
199,155
0,0
0,0
0,0
87,159
211,170
44,0
0,0
0,0
63,136
216,191
67,0
0,0
0,0
67,138
212,189
60,0
0,0
0,0
45,119
212,189
84,11
0,0
0,0
8,91
195,204
138,69
0,0
0,0
0,64
192,205
145,75
0,0
0,0
0,66
194,205
142,79
0,0
0,0
0,46
176,202
168,111
0,0
0,0
0,1
144,187
195,142
0,0
0,0
0,0
147,188
192,140
0,0
0,0
0,0
129,178
200,154
0,0
0,0
0,0
98,160
212,175
55,0
0,0
0,0
64,136
219,190
65,0
0,0
0,0
68,140
209,189
61,0
0,0
0,0
46,123
211,194
82,10
0,0
0,0
9,94
202,200
125,56
0,0
0,0
0,86
202,205
123,50
0,0
0,0
0,77
200,207
130,60
0,0
0,0
0,59
184,203
166,103
0,0
0,0
0,16
163,197
179,122
0,0
0,0
0,18
165,197
177,117
0,0
0,0
0,0
140,188
195,143
0,0
0,0
0,0
111,166
209,176
28,0
0,0
0,0
102,163
208,172
24,0
0,0
0,0
94,158
210,176
33,0
0,0
0,0
60,133
212,206
94,21
0,0
0,0
14,84
202,204
125,55
0,0
0,0
2,88
203,205
122,51
0,0
0,0
0,67
189,205
149,84
0,0
0,0
0,35
170,199
181,121
0,0
0,0
0,4
155,192
189,131
0,0
0,0
0,6
156,193
184,128
0,0
0,0
0,0
130,180
201,153
0,0
0,0
0,0
100,161
209,174
26,0
0,0
0,0
104,165
213,172
22,0
0,0
0,0
83,149
222,182
45,0
0,0
0,0
48,124
214,199
104,33
0,0
0,0
12,91
206,203
112,41
0,0
0,0
16,100
201,203
109,37
0,0
0,0
0,79
195,207
139,72
0,0
0,0
0,37
170,200
173,113
0,0
0,0
0,28
170,200
170,109
0,0
0,0
0,20
167,201
176,110
0,0
0,0
0,0
136,186
200,153
3,0
0,0
0,0
113,169
206,166
12,0
0,0
0,0
116,171
205,164
0,0
0,0
0,0
84,150
214,181
44,0
0,0
0,0
51,127
211,198
89,19
0,0
0,0
40,124
211,198
88,15
0,0
0,0
30,111
211,200
97,24
0,0
0,0
0,80
196,205
148,80
0,0
0,0
0,38
187,202
163,101
0,0
0,0
0,45
181,210
161,98
0,0
0,0
0,21
160,190
182,126
0,0
0,0
0,0
147,181
203,159
0,0
0,0
0,0
126,180
202,160
0,0
0,0
0,0
127,173
205,163
6,0
0,0
0,0
86,152
211,187
68,0
0,0
0,0
38,117
210,200
90,17
0,0
0,0
41,119
211,198
86,19
0,0
0,0
18,104
207,213
107,35
0,0
0,0
0,82
196,205
146,71
0,0
0,0
0,63
192,207
144,75
0,0
0,0
0,66
194,205
142,74
0,0
0,0
0,46
180,202
167,104
0,0
0,0
0,2
151,192
184,132
0,0
0,0
0,5
157,188
185,126
0,0
0,0
0,0
129,180
200,154
0,0
0,0
0,0
98,159
211,181
57,0
0,0
0,0
78,146
210,184
52,0
0,0
0,0
81,148
211,183
45,0
0,0
0,0
47,124
212,198
82,0
0,0
0,0
10,95
203,204
124,55
0,0
0,0
0,87
203,206
122,53
0,0
0,0
0,79
195,204
140,72
0,0
0,0
0,43
177,201
173,113
0,0
0,0
0,15
164,197
181,121
0,0
0,0
0,19
166,197
177,117
0,0
0,0
0,1
150,186
197,144
0,0
0,0
0,0
112,169
206,169
13,0
0,0
0,0
108,171
202,164
9,0
0,0
0,0
96,158
210,174
30,0
0,0
0,0
62,134
212,196
93,18
0,0
0,0
26,107
209,200
101,29
0,0
0,0
26,110
215,201
97,25
0,0
0,0
7,92
201,205
126,58
0,0
0,0
0,41
185,205
155,90
0,0
0,0
0,53
187,205
160,86
0,0
0,0
0,45
176,199
168,105
0,0
0,0
0,12
152,190
194,142
0,0
0,0
0,0
136,183
197,150
0,0
0,0
0,0
139,183
195,147
0,0
0,0
0,0
110,165
207,169
30,0
0,0
0,0
71,136
213,189
65,0
0,0
0,0
71,139
209,189
62,0
0,0
0,0
45,122
212,197
80,10
0,0
0,0
7,95
202,207
136,69
0,0
0,0
0,63
192,204
148,77
0,0
0,0
0,66
194,200
141,74
0,0
0,0
0,46
177,202
167,103
0,0
0,0
0,13
154,192
193,149
0,0
0,0
0,0
146,190
191,138
0,0
0,0
0,0
129,179
199,161
0,0
0,0
0,0
98,160
211,182
53,0
0,0
0,0
65,137
213,189
65,0
0,0
0,0
69,140
209,189
62,0
0,0
0,0
48,119
211,188
81,9
0,0
0,0
14,95
201,202
125,55
0,0
0,0
0,87
202,204
122,52
0,0
0,0
0,79
200,205
129,61
0,0
0,0
0,52
185,204
165,103
0,0
0,0
0,15
163,196
179,121
0,0
0,0
0,18
166,197
177,107
0,0
0,0
0,7
141,185
195,144
0,0
0,0
0,0
111,168
209,175
41,0
0,0
0,0
88,155
215,178
36,0
0,0
0,0
94,160
210,178
33,0
0,0
0,0
60,134
213,196
95,21
0,0
0,0
0,85
202,205
124,54
0,0
0,0
2,88
203,203
122,51
0,0
0,0
0,80
196,204
139,72
0,0
0,0
0,48
175,201
172,113
0,0
0,0
0,3
155,192
186,131
0,0
0,0
0,5
158,195
186,127
0,0
0,0
0,0
130,182
200,153
0,0
0,0
0,0
100,160
211,172
41,0
0,0
0,0
91,156
211,178
35,0
0,0
0,0
79,150
212,177
45,0
0,0
0,0
49,126
211,199
119,32
0,0
0,0
0,73
197,205
134,66
0,0
0,0
0,77
210,205
132,64
0,0
0,0
0,59
186,203
158,92
0,0
0,0
0,25
162,196
187,133
0,0
0,0
0,0
145,188
194,139
0,0
0,0
0,0
149,190
190,137
0,0
0,0
0,0
121,174
203,161
23,0
0,0
0,0
76,147
213,185
52,0
0,0
0,0
86,148
212,181
44,0
0,0
0,0
71,141
211,187
58,0
0,0
0,0
36,115
208,203
116,42
0,0
0,0
0,85
201,204
124,53
0,0
0,0
3,88
203,205
120,49
0,0
0,0
0,69
190,204
150,82
0,0
0,0
0,26
165,196
187,133
0,0
0,0
0,4
156,193
181,130
0,0
delay,correlation
highshift: (milli*1000)299
highr: (*1000)987
0,0
0,0
0,0
138,183
197,147
0,0
0,0
0,0
119,174
203,155
4,0
0,0
0,0
90,153
213,186
66,0
0,0
0,0
53,128
213,194
73,2
0,0
0,0
57,131
213,193
72,8
0,0
0,0
33,115
208,202
106,32
0,0
0,0
0,72
192,209
146,78
0,0
0,0
0,64
194,205
142,73
0,0
0,0
0,80
189,204
149,83
0,0
0,0
0,27
170,199
180,123
0,0
0,0
0,0
145,188
193,139
0,0
0,0
0,0
148,189
190,136
0,0
0,0
0,0
120,174
204,168
5,0
0,0
0,0
88,152
212,184
65,0
0,0
0,0
67,150
213,189
62,0
0,0
0,0
71,129
213,188
59,0
0,0
0,0
38,114
208,201
122,44
0,0
0,0
0,63
192,205
144,77
0,0
0,0
0,66
194,205
142,74
0,0
0,0
0,45
176,200
166,102
0,0
0,0
0,13
153,193
195,142
0,0
0,0
0,0
142,188
195,139
0,0
0,0
0,0
139,179
195,141
0,0
0,0
0,0
110,168
204,168
28,0
0,0
0,0
65,136
211,188
64,0
0,0
0,0
68,140
212,188
60,0
0,0
0,0
48,122
213,196
81,9
0,0
0,0
11,95
202,206
137,66
0,0
0,0
0,76
198,205
132,63
0,0
0,0
0,79
200,205
130,63
0,0
0,0
0,59
185,204
155,102
0,0
0,0
0,15
165,197
179,108
0,0
0,0
0,19
168,197
178,117
0,0
0,0
0,0
140,186
194,143
0,0
0,0
0,0
113,168
210,173
26,0
0,0
0,0
102,165
208,171
11,0
0,0
0,0
95,158
210,174
34,0
0,0
0,0
62,134
212,195
99,19
0,0
0,0
13,97
206,202
111,40
0,0
0,0
16,100
206,202
109,37
0,0
0,0
0,81
198,204
138,70
0,0
0,0
0,38
171,200
172,111
0,0
0,0
0,30
174,204
169,109
0,0
0,0
0,9
169,198
175,116
0,0
0,0
0,1
143,187
198,151
1,0
0,0
0,0
114,171
206,164
11,0
0,0
0,0
117,175
205,163
6,0
0,0
0,0
86,150
212,181
42,0
0,0
0,0
51,126
209,199
90,17
0,0
0,0
41,120
211,197
86,14
0,0
0,0
32,112
210,198
95,23
0,0
0,0
10,94
199,204
137,65
0,0
0,0
0,52
187,204
154,88
0,0
0,0
0,55
188,204
151,85
0,0
0,0
0,35
170,199
175,114
0,0
0,0
0,2
144,187
197,150
0,0
0,0
0,0
141,183
197,147
0,0
0,0
0,0
131,179
199,153
0,0
0,0
0,0
95,159
210,181
55,0
0,0
0,0
52,128
214,194
75,3
0,0
0,0
57,131
213,192
72,0
0,0
0,0
35,112
211,199
92,21
0,0
0,0
0,85
197,205
134,65
0,0
0,0
0,76
200,204
130,62
0,0
0,0
0,68
190,204
149,73
0,0
0,0
0,37
170,199
180,123
0,0
0,0
0,0
146,189
191,141
0,0
0,0
0,0
150,190
189,136
0,0
0,0
0,0
121,175
203,159
15,0
0,0
0,0
77,145
216,184
40,0
0,0
0,0
89,148
212,183
47,0
0,0
0,0
55,134
191,192
60,0
0,0
0,0
23,105
217,205
125,55
0,0
0,0
1,87
202,201
122,49
0,0
0,0
9,90
205,204
119,50
0,0
0,0
0,71
191,206
147,80
0,0
0,0
0,27
174,200
171,110
0,0
0,0
0,30
174,197
169,106
0,0
0,0
0,10
151,196
188,122
0,0
0,0
0,0
124,175
206,166
26,0
0,0
0,0
105,164
209,172
21,0
0,0
0,0
107,166
210,170
18,0
0,0
0,0
75,144
211,190
80,0
0,0
0,0
26,107
209,200
110,28
0,0
0,0
30,110
208,188
97,24
0,0
0,0
7,92
201,204
128,61
0,0
0,0
0,48
178,202
172,112
0,0
0,0
0,31
173,206
169,110
0,0
0,0
0,29
175,201
167,110
0,0
0,0
0,13
153,192
195,142
0,0
0,0
0,0
102,170
206,165
0,0
0,0
0,0
117,172
203,162
7,0
0,0
0,0
83,151
211,182
43,0
0,0
0,0
53,127
211,198
100,29
0,0
0,0
31,109
208,200
98,25
0,0
0,0
36,112
209,199
95,23
0,0
0,0
0,84
197,203
146,78
0,0
0,0
0,41
182,203
161,99
0,0
0,0
0,44
183,203
159,101
0,0
0,0
0,23
164,195
182,124
0,0
0,0
0,0
135,183
197,149
0,0
0,0
0,0
138,183
195,148
0,0
0,0
0,0
120,175
203,163
4,0
0,0
0,0
86,153
212,185
65,0
0,0
0,0
56,127
214,193
75,2
0,0
0,0
57,131
213,192
71,0
0,0
0,0
20,104
214,202
103,32
0,0
0,0
0,74
198,205
134,65
0,0
0,0
0,79
199,203
131,61
0,0
0,0
0,58
182,204
157,93
0,0
0,0
0,25
163,195
187,132
0,0
0,0
0,5
161,193
194,129
0,0
0,0
0,9
159,194
186,126
0,0
0,0
0,0
125,181
200,151
0,0
0,0
0,0
102,159
209,172
24,0
0,0
0,0
108,165
205,171
27,0
0,0
0,0
92,151
211,179
43,0
0,0
0,0
50,125
213,198
102,30
0,0
0,0
27,109
209,200
98,26
0,0
0,0
32,112
210,198
95,20
0,0
0,0
9,95
205,205
127,67
0,0
0,0
0,51
186,204
155,88
0,0
0,0
0,54
186,205
148,85
0,0
0,0
0,46
184,204
158,92
0,0
0,0
0,26
163,196
189,132
0,0
0,0
0,0
145,187
191,137
0,0
0,0
0,0
149,190
190,136
0,0
0,0
0,0
121,175
203,160
1,0
0,0
0,0
89,156
211,177
38,0
0,0
0,0
91,157
210,178
34,0
0,0
0,0
73,142
216,187
54,0
0,0
0,0
37,116
209,201
114,42
0,0
0,0
0,85
205,208
122,51
0,0
0,0
5,90
204,204
118,48
0,0
0,0
0,73
191,202
147,86
0,0
0,0
0,27
164,197
178,121
0,0
0,0
0,19
156,198
176,119
0,0
0,0
0,10
151,191
188,134
0,0
0,0
0,0
120,176
206,166
26,0
0,0
0,0
91,157
210,179
36,0
0,0
0,0
102,157
209,176
32,0
0,0
0,0
61,135
210,191
74,0
0,0
0,0
25,107
206,203
112,43
0,0
0,0
16,97
207,207
110,38
0,0
0,0
8,92
193,204
128,58
0,0
0,0
0,61
185,204
164,101
0,0
0,0
0,17
165,196
178,119
0,0
0,0
0,20
167,198
174,116
0,0
0,0
0,0
142,187
193,143
0,0
0,0
0,0
114,169
195,165
3,0
0,0
0,0
117,173
204,163
7,0
0,0
0,0
109,167
207,169
16,0
0,0
0,0
83,145
212,190
78,5
0,0
0,0
41,121
211,196
86,14
0,0
0,0
45,122
210,197
82,11
0,0
0,0
23,105
209,202
107,32
0,0
0,0
0,74
193,205
149,77
0,0
0,0
0,67
194,205
140,73
0,0
0,0
0,58
184,193
156,86
0,0
0,0
0,26
163,196
186,131
0,0
0,0
0,0
149,189
191,139
0,0
0,0
0,0
149,190
189,136
0,0
0,0
0,0
125,175
201,160
0,0
0,0
0,0
90,155
211,178
37,0
0,0
0,0
93,157
211,177
33,0
0,0
0,0
73,142
212,186
55,0
0,0
0,0
36,129
209,201
112,46
0,0
0,0
3,87
201,204
110,51
0,0
0,0
5,91
204,204
118,47
0,0
0,0
0,71
191,204
148,80
0,0
0,0
0,30
164,196
179,119
0,0
0,0
0,19
166,197
176,118
0,0
0,0
0,13
151,191
188,133
0,0
0,0
0,0
124,176
206,165
25,0
0,0
0,0
91,161
210,176
36,0
0,0
0,0
105,158
208,175
32,0
0,0
0,0
62,135
212,191
67,0
0,0
0,0
26,107
208,200
100,27
0,0
0,0
30,111
208,200
94,26
0,0
0,0
17,104
211,202
112,33
0,0
0,0
0,84
197,205
145,77
0,0
0,0
0,54
188,204
152,89
0,0
0,0
0,62
189,205
146,83
0,0
0,0
0,36
181,199
172,112
0,0
0,0
0,0
147,188
187,140
0,0
0,0
0,0
149,177
190,136
0,0
0,0
0,0
131,181
199,152
0,0
0,0
0,0
101,162
213,179
51,0
0,0
0,0
81,148
212,181
46,0
0,0
0,0
84,150
211,182
43,0
0,0
0,0
49,130
209,199
103,31
0,0
0,0
2,87
203,204
121,48
0,0
0,0
4,90
204,204
119,58
0,0
0,0
0,71
191,204
147,80
0,0
0,0
0,27
164,193
186,130
0,0
0,0
0,6
158,193
183,128
0,0
0,0
0,0
141,186
195,145
0,0
0,0
0,0
112,169
209,173
39,0
0,0
0,0
77,148
212,181
48,0
0,0
0,0
87,150
212,182
44,0
0,0
0,0
62,135
211,191
67,0
0,0
0,0
31,107
209,199
100,27
0,0
0,0
31,111
209,202
96,24
0,0
0,0
6,93
199,204
127,57
0,0
0,0
0,62
186,204
163,100
0,0
0,0
0,30
173,200
167,108
0,0
0,0
0,34
176,201
165,105
0,0
0,0
0,13
154,191
186,132
0,0
0,0
0,0
126,178
201,155
9,0
0,0
0,0
130,173
200,153
0,0
0,0
0,0
99,163
203,174
28,0
0,0
0,0
65,135
212,204
87,3
0,0
0,0
56,130
213,195
59,0
0,0
0,0
34,114
212,199
93,20
0,0
0,0
0,85
197,199
144,78
0,0
0,0
0,54
188,204
153,86
0,0
0,0
0,57
190,208
164,82
0,0
0,0
0,42
179,199
171,112
0,0
0,0
0,0
146,189
191,139
0,0
0,0
0,0
150,190
189,136
0,0
0,0
0,0
121,174
203,160
15,0
0,0
0,0
90,154
212,184
64,0
0,0
0,0
68,139
213,190
60,0
0,0
0,0
72,143
212,187
56,0
0,0
0,0
38,119
209,201
114,43
0,0
0,0
0,76
198,205
133,63
0,0
0,0
0,80
200,205
130,59
0,0
0,0
0,59
184,202
156,89
0,0
0,0
0,15
155,195
193,139
0,0
0,0
0,0
147,189
193,137
0,0
0,0
0,0
141,185
194,145
0,0
0,0
0,0
113,169
209,173
39,0
0,0
0,0
68,139
212,188
61,0
0,0
0,0
72,142
213,187
56,0
0,0
0,0
49,118
213,195
77,6
0,0
0,0
13,96
202,204
122,51
0,0
0,0
5,89
204,204
98,48
0,0
0,0
0,82
196,206
139,69
0,0
0,0
0,51
179,202
171,110
0,0
0,0
0,15
166,197
177,118
0,0
0,0
0,22
160,199
174,114
0,0
0,0
0,2
144,186
193,141
0,0
0,0
0,0
115,171
205,163
8,0
0,0
0,0
120,173
204,161
5,0
0,0
0,0
87,152
211,179
41,0
0,0
0,0
52,128
211,203
101,28
0,0
0,0
30,111
210,198
97,25
0,0
0,0
28,114
210,199
92,21
0,0
0,0
11,96
202,204
135,64
0,0
0,0
0,29
187,203
152,86
0,0
0,0
0,55
181,204
149,82
0,0
0,0
0,37
170,199
172,113
0,0
0,0
0,3
146,188
191,149
0,0
0,0
0,0
139,184
196,147
0,0
0,0
0,0
132,180
199,151
0,0
0,0
0,0
101,162
211,181
51,0
0,0
0,0
70,140
212,188
60,0
0,0
0,0
72,142
212,187
56,0
0,0
0,0
51,126
212,196
79,6
0,0
0,0
14,97
204,204
122,51
0,0
0,0
5,89
206,203
120,48
0,0
0,0
0,82
209,205
126,57
0,0
0,0
0,62
186,196
163,102
0,0
0,0
0,36
174,201
169,104
0,0
0,0
0,34
176,201
167,103
0,0
0,0
0,15
154,193
187,133
0,0
0,0
0,0
125,177
201,156
0,0
0,0
0,0
129,180
200,155
0,0
0,0
0,0
110,169
207,168
15,0
0,0
0,0
77,145
212,181
76,4
0,0
0,0
29,110
209,199
98,25
0,0
0,0
32,114
210,199
94,22
0,0
0,0
9,94
202,204
126,55
0,0
0,0
0,50
180,202
170,110
0,0
0,0
0,32
175,201
171,107
0,0
0,0
0,34
177,201
165,124
0,0
0,0
0,14
154,193
192,141
0,0
0,0
0,0
115,171
205,163
9,0
0,0
0,0
117,173
198,162
7,0
0,0
0,0
88,154
211,178
40,0
0,0
0,0
53,128
210,198
100,28
0,0
0,0
30,111
208,200
96,24
0,0
0,0
32,114
210,199
93,21
0,0
0,0
0,84
198,206
145,78
0,0
0,0
0,28
174,200
173,109
0,0
0,0
0,35
176,195
167,106
0,0
0,0
0,12
149,191
188,134
0,0
0,0
0,0
123,177
204,165
23,0
0,0
0,0
114,165
207,179
20,0
0,0
0,0
109,168
207,169
17,0
0,0
0,0
81,145
213,191
66,0
0,0
0,0
30,108
209,200
99,24
0,0
0,0
33,111
210,198
95,23
0,0
0,0
11,94
206,203
115,30
0,0
0,0
0,74
195,206
154,89
0,0
0,0
0,43
185,202
161,96
0,0
0,0
0,48
183,203
160,93
0,0
0,0
0,25
163,196
180,122
0,0
0,0
0,0
126,177
202,156
0,0
0,0
0,0
128,179
198,154
0,0
0,0
0,0
113,167
206,166
15,0
0,0
0,0
80,146
212,190
78,4
0,0
0,0
43,120
211,197
85,8
0,0
0,0
49,123
213,196
82,10
0,0
0,0
28,105
208,201
103,31
0,0
0,0
0,76
192,205
142,75
0,0
0,0
0,67
200,205
140,72
0,0
0,0
0,59
192,205
147,80
0,0
0,0
0,39
171,198
178,121
0,0
0,0
0,0
148,189
190,138
0,0
0,0
0,7
151,190
188,135
0,0
0,0
0,0
122,175
202,159
1,0
0,0
0,0
91,155
212,184
50,0
0,0
0,0
79,150
211,178
45,0
0,0
0,0
74,143
212,185
54,0
0,0
0,0
39,117
209,201
115,43
0,0
0,0
0,84
199,206
131,63
0,0
0,0
0,79
200,206
129,59
0,0
0,0
0,61
181,204
155,90
0,0
0,0
0,18
156,186
189,139
0,0
0,0
0,0
149,190
189,136
0,0
0,0
0,3
142,187
194,143
0,0
0,0
0,0
113,169
209,173
38,0
0,0
0,0
81,148
212,183
47,0
0,0
0,0
84,150
210,188
43,0
0,0
0,0
63,137
213,190
67,0
0,0
0,0
28,108
206,204
111,36
0,0
0,0
18,102
209,203
108,28
0,0
0,0
8,93
205,203
112,44
0,0
0,0
0,74
192,205
154,91
0,0
0,0
0,31
174,200
168,107
0,0
0,0
0,34
176,201
167,104
0,0
0,0
0,13
155,192
187,132
0,0
0,0
0,0
126,177
202,156
0,0
0,0
0,0
129,179
200,154
4,0
0,0
0,0
111,168
207,167
16,0
0,0
0,0
77,146
213,191
76,4
0,0
0,0
31,120
212,197
81,12
0,0
0,0
48,123
203,196
72,9
0,0
0,0
24,106
209,201
100,29
0,0
0,0
0,76
192,195
143,76
0,0
0,0
0,68
194,206
140,71
0,0
0,0
0,59
189,203
147,80
0,0
0,0
0,42
170,200
178,122
0,0
0,0
0,0
149,189
189,139
0,0
0,0
0,0
150,191
188,132
0,0
0,0
0,0
123,176
202,159
0,0
0,0
0,0
92,156
212,184
50,0
0,0
0,0
87,150
211,182
45,0
0,0
0,0
75,145
212,186
55,0
0,0
0,0
44,118
209,201
113,41
0,0
0,0
0,77
200,205
126,61
0,0
0,0
0,81
200,202
128,59
0,0
0,0
0,60
185,204
155,89
0,0
0,0
0,19
156,193
191,137
0,0
0,0
0,0
150,190
189,136
0,0
0,0
0,0
143,187
193,144
0,0
0,0
0,0
112,169
208,172
37,0
0,0
0,0
69,140
212,194
60,0
0,0
0,0
72,141
213,187
56,0
0,0
0,0
50,126
212,195
80,6
0,0
0,0
18,98
202,204
133,64
0,0
0,0
0,79
196,205
129,61
0,0
0,0
0,82
202,204
118,57
0,0
0,0
0,62
186,204
163,100
0,0
0,0
0,6
159,194
184,128
0,0
0,0
0,9
160,197
182,125
0,0
0,0
0,0
135,182
198,150
0,0
0,0
0,0
103,164
210,179
60,0
0,0
0,0
82,150
211,182
45,0
0,0
0,0
86,166
211,181
42,0
0,0
0,0
51,127
212,197
89,16
0,0
0,0
1,87
204,203
121,50
0,0
0,0
6,91
205,204
117,46
0,0
0,0
0,72
191,204
146,79
0,0
0,0
0,39
173,200
200,120
0,0
0,0
0,8
159,194
184,127
0,0
0,0
0,12
161,195
181,123
0,0
0,0
0,0
135,182
197,149
0,0
0,0
0,0
93,154
215,177
33,0
0,0
0,0
96,158
209,175
29,0
0,0
0,0
76,145
212,186
53,0
0,0
0,0
39,124
209,201
106,39
0,0
0,0
15,105
207,203
108,38
0,0
0,0
8,104
208,202
104,32
0,0
0,0
0,87
198,205
145,77
0,0
0,0
0,30
174,201
169,107
0,0
0,0
0,34
173,200
170,104
0,0
0,0
0,13
153,192
186,136
0,0
0,0
0,0
126,177
206,164
8,0
0,0
0,0
119,176
204,162
5,0
0,0
0,0
110,167
206,168
22,0
0,0
0,0
76,146
215,190
76,0
0,0
0,0
30,110
201,199
97,31
0,0
0,0
33,117
211,199
93,23
0,0
0,0
9,94
202,204
125,54
0,0
0,0
0,52
168,202
172,109
0,0
0,0
0,20
165,197
165,117
0,0
0,0
0,24
169,200
174,114
0,0
0,0
0,3
145,187
191,141
0,0
0,0
0,0
119,171
205,164
9,0
0,0
0,0
119,176
204,161
4,0
0,0
0,0
98,161
209,174
27,0
0,0
0,0
67,138
212,194
88,18
0,0
0,0
31,111
210,203
96,24
0,0
0,0
36,117
210,199
96,21
0,0
0,0
14,96
198,204
115,55
0,0
0,0
0,56
175,202
162,97
0,0
0,0
0,48
185,205
159,93
0,0
0,0
0,37
171,198
172,112
0,0
0,0
0,10
150,188
196,149
0,0
0,0
0,0
117,173
205,168
6,0
0,0
0,0
120,173
203,160
2,0
0,0
0,0
89,156
210,180
32,0
0,0
0,0
45,130
211,198
88,14
0,0
0,0
45,122
212,195
83,10
0,0
0,0
35,115
211,199
91,18
0,0
0,0
30,97
202,205
133,63
0,0
0,0
0,54
188,204
151,85
0,0
0,0
0,57
189,205
148,79
0,0
0,0
0,37
170,199
172,112
0,0
0,0
0,5
151,188
198,149
0,0
0,0
0,0
142,185
195,137
0,0
0,0
0,0
143,186
194,143
0,0
0,0
0,0
112,170
206,166
11,0
0,0
0,0
81,147
212,180
47,0
0,0
0,0
85,150
212,179
44,0
0,0
0,0
75,140
210,186
54,0
0,0
0,0
40,118
209,199
114,39
0,0
0,0
0,80
202,205
131,59
0,0
0,0
0,81
201,205
128,59
0,0
0,0
0,61
185,203
155,91
0,0
0,0
0,18
156,193
190,136
0,0
0,0
0,0
150,187
189,136
0,0
0,0
0,0
152,190
188,135
0,0
0,0
0,0
114,177
202,158
11,0
0,0
0,0
82,149
211,183
47,0
0,0
0,0
85,146
210,181
43,0
0,0
0,0
63,136
212,192
66,0
0,0
0,0
27,106
208,202
121,52
0,0
0,0
0,78
188,205
130,53
0,0
0,0
0,82
201,203
129,56
0,0
0,0
0,62
186,204
155,89
0,0
0,0
0,17
156,194
191,132
0,0
0,0
0,0
150,197
189,136
0,0
0,0
0,0
143,187
193,142
0,0
0,0
0,0
100,169
209,172
37,0
0,0
0,0
69,140
212,188
60,0
0,0
0,0
73,143
213,187
53,0
0,0
0,0
51,126
212,188
78,1
0,0
0,0
15,102
203,204
136,63
0,0
0,0
0,80
201,205
130,59
0,0
0,0
0,84
203,206
126,60
0,0
0,0
0,63
186,204
154,90
0,0
0,0
0,19
157,195
183,129
0,0
0,0
0,10
159,194
184,125
0,0
0,0
0,0
144,187
198,142
0,0
0,0
0,0
111,171
208,161
36,0
0,0
0,0
84,146
210,183
45,0
0,0
0,0
86,154
212,174
43,0
0,0
0,0
54,127
211,196
90,7
0,0
0,0
4,89
198,202
132,62
0,0
0,0
0,80
200,205
130,58
0,0
0,0
0,71
192,204
147,79
0,0
0,0
0,40
173,200
177,109
0,0
0,0
0,0
151,190
189,138
0,0
0,0
0,1
162,191
188,137
0,0
0,0
0,0
124,176
201,157
0,0
0,0
0,0
97,157
212,182
48,0
0,0
0,0
80,151
212,183
44,0
0,0
0,0
75,144
211,185
54,0
0,0
0,0
40,119
208,201
112,40
0,0
0,0
0,78
201,205
131,61
0,0
0,0
0,81
197,204
128,57
0,0
0,0
0,62
185,203
155,88
0,0
0,0
0,24
153,194
191,139
0,0
0,0
0,0
150,189
189,136
0,0
0,0
0,1
143,187
193,142
0,0
0,0
0,0
115,176
209,172
37,0
0,0
0,0
70,141
212,190
60,0
0,0
0,0
73,143
217,186
56,0
0,0
0,0
53,127
212,194
80,4
0,0
0,0
16,99
203,205
130,63
0,0
0,0
0,80
200,205
129,63
0,0
0,0
0,85
201,205
126,56
0,0
0,0
0,65
181,204
152,87
0,0
0,0
0,19
167,192
177,117
0,0
0,0
0,23
167,214
174,114
0,0
0,0
0,2
143,187
190,141
0,0
0,0
0,0
120,171
208,169
41,0
0,0
0,0
96,155
210,175
32,0
0,0
0,0
97,161
209,174
28,0
0,0
0,0
65,135
213,195
88,15
0,0
0,0
4,87
204,205
120,49
0,0
0,0
7,92
193,204
111,46
0,0
0,0
0,73
192,197
145,82
0,0
0,0
0,41
172,200
178,118
0,0
0,0
0,10
159,195
183,128
0,0
0,0
0,12
161,185
181,123
0,0
0,0
0,0
135,183
189,149
0,0
0,0
0,0
104,165
208,170
20,0
0,0
0,0
109,167
207,168
16,0
0,0
0,0
88,153
211,179
39,0
0,0
0,0
54,129
211,197
99,20
0,0
0,0
18,105
207,202
120,36
0,0
0,0
22,105
208,203
106,32
0,0
0,0
0,88
201,205
135,65
0,0
0,0
0,43
174,202
169,109
0,0
0,0
0,34
176,202
169,105
0,0
0,0
0,25
171,199
173,112
0,0
0,0
0,4
146,188
197,145
0,0
0,0
0,0
118,170
204,162
6,0
0,0
0,0
121,175
203,158
2,0
0,0
0,0
90,154
211,178
38,0
0,0
0,0
56,130
212,199
85,13
0,0
0,0
46,123
212,200
82,9
0,0
0,0
37,116
210,198
91,18
0,0
0,0
14,99
201,204
133,63
0,0
0,0
0,55
189,205
151,84
0,0
0,0
0,58
190,205
148,80
0,0
0,0
0,39
172,201
170,100
0,0
0,0
0,6
147,189
196,146
0,0
0,0
0,0
140,185
195,135
0,0
0,0
0,0
134,181
197,150
0,0
0,0
0,0
103,162
206,172
35,0
0,0
0,0
70,142
213,187
59,0
0,0
0,0
85,143
214,187
57,0
0,0
0,0
52,127
212,193
77,10
0,0
0,0
15,98
201,202
120,50
0,0
0,0
6,92
203,204
113,46
0,0
0,0
10,98
205,203
114,43
0,0
0,0
0,76
193,204
153,87
0,0
0,0
0,20
168,195
175,116
0,0
0,0
0,24
162,198
173,114
0,0
0,0
0,3
145,187
192,142
0,0
0,0
0,0
116,171
210,171
19,0
0,0
0,0
108,166
207,171
17,0
0,0
0,0
100,161
208,170
26,0
0,0
0,0
67,136
212,195
86,14
0,0
0,0
17,101
206,202
107,36
0,0
0,0
21,104
208,201
105,32
0,0
0,0
0,85
198,212
134,65
0,0
0,0
0,42
174,198
177,118
0,0
0,0
0,22
167,198
174,118
0,0
0,0
0,25
171,199
173,112
0,0
0,0
0,5
145,189
197,148
0,0
0,0
0,0
107,164
207,168
19,0
0,0
0,0
109,182
207,168
15,0
0,0
0,0
90,154
211,180
38,0
0,0
0,0
60,130
211,196
97,25
0,0
0,0
33,132
210,199
110,22
0,0
0,0
37,115
211,198
91,15
0,0
0,0
12,98
203,203
122,43
0,0
0,0
0,55
189,203
150,82
0,0
0,0
0,59
191,204
151,80
0,0
0,0
0,38
172,199
171,113
0,0
0,0
0,6
148,192
197,147
0,0
0,0
0,0
129,179
199,159
0,0
0,0
0,0
133,181
198,151
0,0
0,0
0,0
103,158
208,173
36,0
0,0
0,0
71,142
213,181
58,0
0,0
0,0
75,144
212,187
55,0
0,0
0,0
52,128
212,205
78,4
0,0
0,0
17,99
204,204
131,62
0,0
0,0
0,81
203,204
127,59
0,0
0,0
0,83
202,205
125,56
0,0
0,0
0,64
188,204
153,87
0,0
0,0
0,16
167,195
176,116
0,0
0,0
0,24
170,198
173,111
0,0
0,0
0,3
145,190
192,140
0,0
0,0
0,0
116,172
208,173
35,0
0,0
0,0
97,158
209,176
33,0
0,0
0,0
100,161
209,173
27,0
0,0
0,0
67,138
212,187
63,0
0,0
0,0
31,109
210,200
96,23
0,0
0,0
33,114
212,206
93,20
0,0
0,0
27,107
210,201
102,34
0,0
0,0
2,88
198,205
149,75
0,0
0,0
0,44
183,191
159,94
0,0
0,0
0,39
185,203
156,91
0,0
0,0
0,29
164,196
179,119
0,0
0,0
0,0
138,190
203,154
0,0
0,0
0,0
131,180
200,152
0,0
0,0
0,0
124,177
202,159
0,0
0,0
0,0
93,157
212,184
62,0
0,0
0,0
47,122
211,193
86,10
0,0
0,0
46,124
212,195
80,7
0,0
0,0
25,107
209,201
101,29
0,0
0,0
0,78
195,205
151,87
0,0
0,0
0,58
delay,correlation
highshift: (milli*1000)299
highr: (*1000)986
0,44
182,205
160,96
0,0
0,0
0,47
184,203
158,92
0,0
0,0
0,27
163,196
179,121
0,0
0,0
0,0
139,183
201,156
10,0
0,0
0,0
108,159
207,168
18,0
0,0
0,0
111,168
206,164
13,0
0,0
0,0
91,155
210,179
36,0
0,0
0,0
64,130
211,196
84,12
0,0
0,0
48,124
212,174
81,10
0,0
0,0
38,117
204,198
91,17
0,0
0,0
2,88
200,208
143,74
0,0
0,0
0,56
189,204
148,82
0,0
0,0
0,60
191,205
148,80
0,0
0,0
0,39
172,200
170,109
0,0
0,0
0,7
149,189
190,138
0,0
0,0
0,0
152,191
186,134
0,0
0,0
0,3
145,189
192,140
0,0
0,0
0,0
116,171
206,171
35,0
0,0
0,0
83,151
211,184
44,0
0,0
0,0
88,152
211,180
41,0
0,0
0,0
66,136
212,190
63,0
0,0
0,0
30,112
207,203
108,42
0,0
0,0
21,103
207,201
105,34
0,0
0,0
11,96
206,203
113,41
0,0
0,0
0,76
194,205
152,87
0,0
0,0
0,34
176,200
167,107
0,0
0,0
0,36
178,200
164,104
0,0
0,0
0,16
156,193
185,133
0,0
0,0
0,0
129,178
197,154
0,0
0,0
0,0
133,181
198,152
0,0
0,0
0,0
113,169
209,166
11,0
0,0
0,0
83,148
214,188
73,0
0,0
0,0
33,113
210,199
97,22
0,0
0,0
37,116
211,197
90,18
0,0
0,0
14,97
203,204
123,53
0,0
0,0
0,55
180,203
152,95
0,0
0,0
0,48
187,203
157,93
0,0
0,0
0,39
180,202
164,100
0,0
0,0
0,19
157,194
190,137
0,0
0,0
0,0
141,186
194,145
0,0
0,0
0,0
144,187
193,143
0,0
0,0
0,0
115,171
206,164
22,0
0,0
0,0
71,139
213,191
58,0
0,0
0,0
75,143
213,188
54,0
0,0
0,0
52,131
212,197
76,8
0,0
0,0
16,99
203,204
131,63
0,0
0,0
0,69
196,204
141,70
0,0
0,0
0,72
198,216
134,67
0,0
0,0
0,53
180,202
162,98
0,0
0,0
0,11
148,191
189,137
0,0
0,0
0,2
152,191
187,134
0,0
0,0
0,0
135,185
197,142
0,0
0,0
0,0
106,167
211,177
47,0
0,0
0,0
85,151
211,181
42,0
0,0
0,0
88,153
210,180
39,0
0,0
0,0
54,129
211,202
87,14
0,0
0,0
6,90
200,205
131,60
0,0
0,0
0,82
201,204
127,57
0,0
0,0
0,75
195,204
146,77
0,0
0,0
0,44
174,201
176,118
0,0
0,0
0,0
150,190
189,138
0,0
0,0
0,2
153,192
187,128
0,0
0,0
0,0
126,178
197,156
0,0
0,0
0,0
94,158
212,183
45,0
0,0
0,0
88,152
212,181
42,0
0,0
0,0
77,145
212,182
51,0
0,0
0,0
42,121
209,200
109,40
0,0
0,0
0,78
200,204
129,59
0,0
0,0
0,83
202,204
127,54
0,0
0,0
0,64
187,203
153,88
0,0
0,0
0,19
158,193
189,135
0,0
0,0
0,0
152,190
190,134
0,0
0,0
0,3
143,187
193,140
0,0
0,0
0,0
129,171
208,170
37,0
0,0
0,0
72,141
212,187
59,0
0,0
0,0
75,144
212,186
52,0
0,0
0,0
53,142
212,196
75,5
0,0
0,0
18,101
203,204
120,49
0,0
0,0
7,92
204,205
116,45
0,0
0,0
12,104
206,203
114,42
0,0
0,0
0,77
196,204
150,83
0,0
0,0
0,34
176,200
