0;0
0;0
0;0
0;51
90;155
180;204
211;179
154;89
38;0
0;0
0;0
0;0
0;0
0;14
43;120
157;193
212;197
184;128
85;13
0;0
0;0
0;0
0;0
0;0
0;57
80;151
176;202
213;192
177;125
93;21
0;0
0;0
0;0
0;0
0;8
33;116
154;192
211;199
186;132
93;18
0;0
0;0
0;0
0;0
0;5
41;119
154;193
211;198
184;129
86;14
0;0
0;0
0;0
0;0
0;0
0;73
94;155
182;200
212;182
163;95
60;0
0;0
0;0
0;0
0;0
0;0
4;94
133;181
205;203
199;151
115;40
0;0
0;0
0;0
0;0
0;0
13;97
136;183
206;203
197;147
112;42
0;0
0;0
0;0
0;0
0;0
0;30
69;140
176;201
213;188
171;107
59;0
0;0
0;0
0;0
0;0
0;0
0;80
109;167
190;204
212;182
170;105
74;0
0;0
0;0
0;0
0;0
0;29
63;136
171;199
212;185
172;112
65;0
0;0
0;0
0;0
0;0
0;29
59;138
173;200
212;189
170;109
62;0
0;0
0;0
0;0
0;0
0;0
0;78
107;156
194;205
207;169
151;84
45;0
0;0
0;0
0;0
0;0
0;0
9;93
132;179
205;204
199;151
115;42
0;0
0;0
0;0
0;0
0;0
12;99
140;182
205;203
197;149
112;41
0;0
0;0
0;0
0;0
0;0
0;66
94;157
192;204
211;177
152;80
37;0
0;0
0;0
0;0
0;0
0;0
20;101
131;180
200;204
207;168
147;82
43;0
0;0
0;0
0;0
0;0
0;44
78;145
178;203
217;186
164;101
53;0
0;0
0;0
0;0
0;0
0;41
78;147
182;202
212;184
160;98
49;0
0;0
0;0
0;0
0;0
0;0
18;94
129;175
203;204
200;154
122;48
11;0
0;0
0;0
0;0
0;0
0;24
48;125
151;191
210;200
193;134
93;36
0;0
0;0
0;0
0;0
0;4
38;117
154;192
211;198
186;131
89;16
0;0
0;0
0;0
0;0
0;0
16;115
146;184
206;203
201;147
110;39
0;0
0;0
0;0
0;0
0;0
0;46
72;142
168;198
212;196
188;133
106;26
0;0
0;0
0;0
0;0
0;0
0;84
124;175
201;204
203;159
125;56
0;0
0;0
0;0
0;0
0;0
1;87
113;177
202;204
201;164
121;52
0;0
0;0
0;0
0;0
0;0
0;32
57;131
167;198
212;193
176;117
72;0
0;0
0;0
0;0
0;0
0;0
0;71
98;160
184;204
211;182
156;92
42;0
0;0
0;0
0;0
0;0
0;50
90;156
183;203
211;179
154;88
38;0
0;0
0;0
0;0
0;0
0;31
64;139
173;197
211;188
168;110
61;0
0;0
0;0
0;0
0;0
0;0
0;80
108;167
190;204
224;181
166;105
68;0
0;0
0;0
0;0
0;0
0;7
23;105
142;188
208;207
189;142
103;32
0;0
0;0
0;0
0;0
0;0
27;108
146;188
209;200
191;141
100;30
0;0
0;0
0;0
0;0
0;0
0;55
82;149
183;203
211;182
159;95
59;0
0;0
0;0
0;0
0;0
0;0
0;81
110;167
190;205
211;181
166;103
54;0
0;0
0;0
0;0
0;0
0;39
77;146
179;200
212;184
163;101
52;0
0;0
0;0
0;0
0;0
0;30
68;139
174;200
212;189
169;107
61;0
0;0
0;0
0;0
0;0
0;0
0;79
108;166
194;205
221;176
157;95
59;0
0;0
0;0
0;0
0;0
0;0
9;93
134;181
204;202
198;152
111;44
0;0
0;0
0;0
0;0
0;0
13;97
136;182
208;202
196;148
112;40
0;0
0;0
0;0
0;0
0;0
0;57
82;147
181;203
211;183
160;98
46;0
0;0
0;0
0;0
0;0
0;0
12;92
120;174
195;205
210;174
157;94
56;0
0;0
0;0
0;0
0;0
0;25
62;136
171;199
212;191
172;110
65;0
0;0
0;0
0;0
0;0
0;28
68;138
173;200
212;189
170;109
64;0
0;0
0;0
0;0
0;0
0;0
0;80
107;165
193;206
204;170
140;70
33;0
0;0
0;0
0;0
0;0
0;0
23;110
141;187
208;203
193;143
104;32
0;0
0;0
0;0
0;0
0;0
25;107
145;188
209;201
192;140
101;29
0;0
0;0
0;0
0;0
0;0
0;66
105;163
194;205
210;171
141;77
23;0
0;0
0;0
0;0
0;0
0;13
33;114
141;186
204;203
203;161
139;72
29;0
0;0
0;0
0;0
0;0
0;38
76;144
179;199
211;185
164;97
52;0
0;0
0;0
0;0
0;0
0;41
79;147
180;205
221;184
161;100
54;0
0;0
0;0
0;0
0;0
0;0
19;102
139;185
207;202
195;146
108;34
0;0
0;0
0;0
0;0
0;0
0;30
61;135
162;192
212;195
180;123
80;3
0;0
0;0
0;0
0;0
0;15
53;127
164;196
212;194
178;121
77;4
0;0
0;0
0;0
0;0
0;0
16;99
138;184
206;202
197;144
104;38
0;0
0;0
0;0
0;0
0;0
0;46
72;142
169;199
212;196
182;128
94;22
0;0
0;0
0;0
0;0
0;0
0;84
122;175
203;204
202;159
126;55
0;0
0;0
0;0
0;0
0;0
0;87
125;177
202;204
201;157
122;53
0;0
0;0
0;0
0;0
0;0
0;33
57;131
167;197
212;193
175;117
71;0
0;0
0;0
0;0
0;0
0;0
0;71
98;160
184;203
212;187
174;115
68;0
0;0
0;0
0;0
0;0
0;16
61;137
172;197
227;190
171;111
64;0
0;0
0;0
0;0
0;0
0;30
68;133
174;201
212;191
171;108
60;0
0;0
0;0
0;0
0;0
0;0
0;80
108;166
189;205
211;181
167;108
69;0
0;0
0;0
0;0
0;0
0;0
8;94
133;180
205;202
200;151
114;42
0;0
0;0
0;0
0;0
0;0
14;97
133;183
204;202
197;148
111;29
0;0
0;0
0;0
0;0
0;0
0;42
69;141
174;200
216;188
169;106
59;0
0;0
0;0
0;0
0;0
0;0
0;82
114;167
185;204
209;180
169;103
68;0
0;0
0;0
0;0
0;0
0;27
64;136
170;199
212;190
171;111
64;0
0;0
0;0
0;0
0;0
0;26
66;138
173;200
212;189
173;107
60;0
0;0
0;0
0;0
0;0
0;0
0;80
108;167
194;206
206;169
138;71
31;0
0;0
0;0
0;0
0;0
0;0
37;117
153;190
211;199
187;139
99;19
0;0
0;0
0;0
0;0
0;4
40;118
155;192
210;198
185;130
88;15
0;0
0;0
0;0
0;0
0;0
0;78
106;165
195;205
207;170
148;73
20;0
0;0
0;0
0;0
0;0
0;11
34;114
142;186
205;203
202;161
138;69
28;0
0;0
0;0
0;0
0;0
0;62
101;161
193;207
209;171
145;78
25;0
0;0
0;0
0;0
0;0
0;65
104;164
192;205
218;171
142;75
21;0
0;0
0;0
0;0
0;0
0;8
32;113
140;187
209;202
195;147
118;44
4;0
0;0
0;0
0;0
0;0
0;24
62;135
170;199
212;191
174;113
66;0
0;0
0;0
0;0
0;0
0;28
66;137
174;200
211;189
170;113
52;0
0;0
0;0
0;0
0;0
0;0
16;100
139;187
207;201
196;144
108;37
0;0
0;0
0;0
0;0
0;0
0;42
73;144
169;199
212;195
188;135
105;33
0;0
0;0
0;0
0;0
0;0
18;106
145;187
208;201
193;141
102;29
0;0
0;0
0;0
0;0
0;0
28;110
143;189
209;202
199;138
98;26
0;0
0;0
0;0
0;0
0;0
0;57
84;150
176;200
207;187
168;105
70;0
0;0
0;0
0;0
0;0
0;0
0;71
105;160
192;204
209;174
146;80
28;0
0;0
0;0
0;0
0;0
0;63
102;163
192;205
208;172
149;76
24;0
0;0
0;0
0;0
0;0
0;35
56;130
166;197
212;193
176;117
72;0
0;0
0;0
0;0
0;0
0;0
0;69
87;159
184;203
212;186
173;121
81;8
0;0
0;0
0;0
0;0
0;0
17;95
133;187
204;202
197;150
113;43
0;0
0;0
0;0
0;0
0;0
16;97
137;183
206;202
197;147
111;39
0;0
0;0
0;0
0;0
0;0
0;44
71;143
175;201
212;187
168;102
58;0
0;0
0;0
0;0
0;0
0;0
0;81
103;168
196;204
206;169
136;68
15;0
0;0
0;0
0;0
0;0
0;75
114;170
198;206
207;165
134;65
9;0
0;0
0;0
0;0
0;0
0;55
92;157
189;204
210;177
148;85
34;0
0;0
0;0
0;0
0;0
0;0
21;103
131;181
200;205
208;169
148;82
43;0
0;0
0;0
0;0
0;0
0;25
64;136
170;199
213;190
173;113
63;0
0;0
0;0
0;0
0;0
0;30
60;139
174;201
216;189
171;107
63;0
0;0
0;0
0;0
0;0
0;0
0;90
118;173
198;205
204;164
130;60
18;0
0;0
0;0
0;0
0;0
0;15
35;105
143;186
205;203
198;151
115;44
0;0
0;0
0;0
0;0
0;0
6;96
135;183
206;203
197;149
109;41
0;0
0;0
0;0
0;0
0;0
3;89
128;177
203;199
201;154
121;54
0;0
0;0
0;0
0;0
0;0
0;34
56;133
160;195
212;199
194;144
118;46
6;0
0;0
0;0
0;0
0;0
0;49
88;153
185;205
211;180
148;90
39;0
0;0
0;0
0;0
0;0
0;53
92;159
187;204
210;178
152;85
35;0
0;0
0;0
0;0
0;0
0;7
33;116
155;190
210;200
189;136
97;24
0;0
0;0
0;0
0;0
0;0
0;47
75;143
170;199
212;193
177;124
80;7
0;0
0;0
0;0
0;0
0;16
54;128
163;196
212;194
179;121
76;5
0;0
0;0
0;0
0;0
0;3
30;110
148;189
211;198
189;137
97;25
0;0
0;0
0;0
0;0
0;0
0;55
86;151
175;202
212;187
182;131
93;21
0;0
0;0
0;0
0;0
0;0
0;72
111;169
197;206
205;164
136;66
13;0
0;0
0;0
0;0
0;0
0;79
109;170
200;207
205;162
131;51
8;0
0;0
0;0
0;0
0;0
0;26
45;118
157;193
211;196
182;127
83;11
0;0
0;0
0;0
0;0
0;0
0;59
87;154
177;211
212;196
180;126
79;7
0;0
0;0
0;0
0;0
0;15
52;128
163;196
211;194
179;121
77;0
0;0
0;0
0;0
0;0
0;20
55;130
166;197
213;195
177;118
74;3
0;0
0;0
0;0
0;0
0;0
0;69
97;160
182;204
214;188
167;103
69;0
0;0
0;0
0;0
0;0
0;0
0;84
123;175
201;202
215;159
125;62
0;0
0;0
0;0
0;0
0;0
0;86
126;178
199;205
201;157
130;52
0;0
0;0
0;0
0;0
0;0
0;56
82;149
183;205
211;183
159;89
32;0
0;0
0;0
0;0
0;0
0;0
7;93
121;176
196;205
209;175
157;92
55;0
0;0
0;0
0;0
0;0
0;31
69;146
178;202
212;185
163;100
51;0
0;0
0;0
0;0
0;0
0;43
71;148
181;203
212;183
164;97
48;0
0;0
0;0
0;0
0;0
0;0
6;104
120;170
201;204
204;160
139;68
31;0
0;0
0;0
0;0
0;0
0;4
22;105
144;186
209;201
193;148
108;30
0;0
0;0
0;0
0;0
0;0
27;100
147;188
209;210
190;139
98;27
0;0
0;0
0;0
0;0
0;0
0;79
116;172
199;205
202;161
130;61
6;0
0;0
0;0
0;0
0;0
0;23
49;124
152;190
207;201
197;152
138;57
16;0
0;0
0;0
0;0
0;0
0;62
101;161
192;212
209;173
145;78
25;0
0;0
0;0
0;0
0;0
0;66
105;164
194;202
209;169
142;74
20;0
0;0
0;0
0;0
0;0
0;10
45;113
149;185
208;202
194;144
108;35
0;0
0;0
0;0
0;0
0;0
0;36
63;136
170;198
213;190
170;112
66;0
0;0
0;0
0;0
0;0
0;28
66;139
173;199
212;189
178;110
62;0
0;0
0;0
0;0
0;0
0;0
17;100
139;185
207;202
193;146
108;36
0;0
0;0
0;0
0;0
0;0
0;46
75;143
170;198
212;174
187;131
105;19
0;0
0;0
0;0
0;0
0;0
5;85
124;176
202;200
202;158
124;54
0;0
0;0
0;0
0;0
0;0
3;88
126;178
202;208
200;156
121;50
0;0
0;0
0;0
0;0
0;0
0;33
58;132
167;198
209;192
175;116
70;0
0;0
0;0
0;0
0;0
0;0
0;71
99;161
186;204
200;185
165;102
54;0
0;0
0;0
0;0
0;0
0;40
78;146
177;203
212;184
163;99
50;0
0;0
0;0
0;0
0;0
0;51
69;140
174;201
213;184
169;107
61;0
0;0
0;0
0;0
0;0
0;0
0;82
109;167
191;206
delay,correlation
highshift: (milli*1000)205
highr: (*1000)972
71;142
175;202
212;187
174;106
58;0
0;0
0;0
0;0
0;0
0;0
0;82
111;167
191;204
211;180
165;102
55;0
0;0
0;0
0;0
0;0
0;39
78;146
179;202
212;185
163;99
51;0
0;0
0;0
0;0
0;0
0;42
83;148
184;203
216;183
160;96
47;0
0;0
0;0
0;0
0;0
0;0
6;92
121;177
201;203
207;168
148;81
43;0
0;0
0;0
0;0
0;0
0;2
37;116
154;192
210;195
186;131
90;17
0;0
0;0
0;0
0;0
0;5
41;120
157;198
211;197
184;128
101;14
0;0
0;0
0;0
0;0
0;0
0;67
97;158
191;205
210;181
150;83
45;0
0;0
0;0
0;0
0;0
0;0
9;94
122;174
197;205
209;165
146;79
27;0
0;0
0;0
0;0
0;0
0;63
103;163
192;205
208;174
142;77
23;0
0;0
0;0
0;0
0;0
0;55
92;157
188;204
210;177
151;84
30;0
0;0
0;0
0;0
0;0
0;0
15;103
131;180
205;203
202;161
137;63
30;0
0;0
0;0
0;0
0;0
0;25
62;136
171;200
212;193
172;112
65;0
0;0
0;0
0;0
0;0
0;31
81;139
173;200
212;188
171;109
61;6
0;0
0;0
0;0
0;0
0;0
10;91
130;178
207;204
199;153
118;47
2;0
0;0
0;0
0;0
0;0
0;24
43;125
153;188
208;202
198;148
125;56
1;0
0;0
0;0
0;0
0;0
0;86
125;176
202;204
201;158
123;53
0;0
0;0
0;0
0;0
0;0
0;75
121;171
198;204
204;163
130;61
6;0
0;0
0;0
0;0
0;0
0;23
47;124
151;191
210;200
194;144
117;45
2;0
0;0
0;0
0;0
0;0
0;50
93;154
185;203
211;176
155;89
39;0
0;0
0;0
0;0
0;0
0;53
92;157
188;204
211;197
152;86
34;0
0;0
0;0
0;0
0;0
0;9
32;112
150;181
209;199
189;143
95;22
0;0
0;0
0;0
0;0
0;0
0;48
72;144
156;199
213;196
186;133
91;20
0;0
0;0
0;0
0;0
0;5
40;119
152;192
211;203
184;130
88;15
0;0
0;0
0;0
0;0
0;0
18;100
139;183
220;202
196;146
108;38
0;0
0;0
0;0
0;0
0;0
0;44
74;143
169;196
212;191
188;133
104;32
0;0
0;0
0;0
0;0
0;0
0;75
113;168
194;205
205;165
134;66
12;0
0;0
0;0
0;0
0;0
0;77
116;171
199;204
204;163
133;62
8;0
0;0
0;0
0;0
0;0
0;22
46;123
160;196
211;196
182;125
83;11
0;0
0;0
0;0
0;0
0;0
0;59
88;153
178;202
213;185
164;101
51;0
0;0
0;0
0;0
0;0
0;40
79;147
179;202
212;184
162;97
49;0
0;0
0;0
0;0
0;0
0;8
45;121
154;194
211;183
184;127
84;11
0;0
0;0
0;0
0;0
0;0
0;59
86;156
177;203
212;181
181;123
92;20
0;0
0;0
0;0
0;0
0;0
12;96
135;182
206;203
197;149
112;54
0;0
0;0
0;0
0;0
0;0
16;99
134;184
206;201
198;146
107;37
0;0
0;0
0;0
0;0
0;0
0;46
72;142
168;198
212;192
175;115
69;0
0;0
0;0
0;0
0;0
0;0
0;72
121;161
192;205
209;173
139;78
27;0
0;0
0;0
0;0
0;0
0;57
104;163
193;205
214;171
143;75
22;0
0;0
0;0
0;0
0;0
0;28
57;130
168;199
212;180
182;116
71;0
0;0
0;0
0;0
0;0
0;0
0;70
98;160
185;203
212;186
173;114
80;8
0;0
0;0
0;0
0;0
0;3
39;117
154;193
211;198
185;130
88;16
0;0
0;0
0;0
0;0
0;4
46;121
157;199
211;197
183;126
85;13
0;0
0;0
0;0
0;0
0;0
0;69
97;158
185;203
211;179
158;92
57;0
0;0
0;0
0;0
0;0
0;0
0;84
112;173
197;205
206;167
135;67
13;0
0;0
0;0
0;0
0;0
0;76
115;171
199;204
210;164
132;52
9;0
0;0
0;0
0;0
0;0
0;17
44;123
159;194
209;196
182;125
83;10
0;0
0;0
0;0
0;0
0;0
0;60
86;155
178;201
214;189
180;123
92;19
0;0
0;0
0;0
0;0
0;4
39;118
155;192
211;194
176;131
88;15
0;0
0;0
0;0
0;0
0;7
43;121
156;194
211;208
184;128
85;4
0;0
0;0
0;0
0;0
0;0
0;58
83;152
177;201
212;184
174;114
82;14
0;0
0;0
0;0
0;0
0;0
0;73
113;169
195;205
205;166
135;67
12;0
0;0
0;0
0;0
0;0
0;76
115;170
199;204
204;164
132;63
2;0
0;0
0;0
0;0
0;0
0;28
58;130
168;198
212;184
175;116
71;0
0;0
0;0
0;0
0;0
0;0
0;72
99;161
184;204
212;186
173;113
80;11
0;0
0;0
0;0
0;0
0;4
39;118
155;181
207;198
185;130
88;15
0;0
0;0
0;0
0;0
0;7
43;120
157;194
211;197
180;128
84;11
0;0
0;0
0;0
0;0
0;0
0;69
97;147
183;204
213;187
166;103
69;0
0;0
0;0
0;0
0;0
0;0
0;72
112;159
196;205
206;167
136;66
12;0
0;0
0;0
0;0
0;0
0;76
114;171
199;205
206;164
132;64
9;0
0;0
0;0
0;0
0;0
0;32
57;132
168;198
212;194
176;115
71;0
0;0
0;0
0;0
0;0
0;0
0;73
100;160
184;200
212;186
165;114
80;9
0;0
0;0
0;0
0;0
0;4
39;117
155;193
212;199
187;130
88;16
0;0
0;0
0;0
0;0
0;7
43;123
153;194
211;197
184;129
86;12
0;0
0;0
0;0
0;0
0;0
0;69
97;158
189;205
210;175
150;82
43;0
0;0
0;0
0;0
0;0
0;0
10;95
123;176
201;209
196;159
117;55
0;0
0;0
0;0
0;0
0;0
1;89
126;177
203;204
201;156
122;50
0;0
0;0
0;0
0;0
0;0
0;68
107;165
194;204
219;170
140;62
24;0
0;0
0;0
0;0
0;0
0;12
34;115
142;187
206;203
204;160
132;68
28;0
0;0
0;0
0;0
0;0
0;27
65;137
173;199
212;188
171;109
58;0
0;0
0;0
0;0
0;0
0;31
68;139
172;200
211;188
169;109
60;0
0;0
0;0
0;0
0;0
0;0
6;92
120;173
201;204
202;161
128;52
17;0
0;0
0;0
0;0
0;0
0;8
36;116
143;187
205;203
203;161
127;55
0;0
0;0
0;0
0;0
0;0
1;89
126;177
203;204
201;156
118;52
0;0
0;0
0;0
0;0
0;0
0;68
107;165
195;204
207;171
140;75
16;0
0;0
0;0
0;0
0;0
0;10
26;115
142;186
205;203
202;160
138;69
31;0
0;0
0;0
0;0
0;0
0;27
64;137
171;199
212;190
171;111
65;0
0;0
0;0
0;0
0;0
0;31
69;133
170;200
212;189
169;108
60;0
0;0
0;0
0;0
0;0
0;0
6;92
120;176
199;204
204;162
128;59
3;0
0;0
0;0
0;0
0;0
0;13
38;116
143;188
206;204
198;144
114;43
0;0
0;0
0;0
0;0
0;0
14;97
137;184
206;203
196;150
110;40
0;0
0;0
0;0
0;0
0;0
0;79
119;173
205;205
204;163
130;60
6;0
0;0
0;0
0;0
0;0
0;24
46;117
153;191
206;179
199;151
127;58
14;0
0;0
0;0
0;0
0;0
0;39
77;145
179;202
212;185
163;99
51;0
0;0
0;0
0;0
0;0
0;42
81;148
187;202
212;182
159;100
49;0
0;0
0;0
0;0
0;0
0;0
20;103
141;186
200;201
194;143
106;34
0;0
0;0
0;0
0;0
0;0
0;37
62;136
162;196
210;198
192;144
104;31
0;0
0;0
0;0
0;0
0;0
27;108
147;188
210;200
191;140
100;27
0;0
0;0
0;0
0;0
0;0
18;101
140;187
220;203
195;146
108;36
0;0
0;0
0;0
0;0
0;0
0;47
60;143
168;199
212;196
188;133
105;41
0;0
0;0
0;0
0;0
0;0
0;47
93;154
186;204
210;179
154;89
39;0
0;0
0;0
0;0
0;0
0;54
91;168
187;205
210;174
154;86
35;0
0;0
0;0
0;0
0;0
0;9
32;113
149;189
210;203
187;135
95;22
0;0
0;0
0;0
0;0
0;0
0;49
80;145
161;199
211;195
180;123
91;19
0;0
0;0
0;0
0;0
0;4
40;118
155;180
212;198
185;130
89;15
0;0
0;0
0;0
0;0
0;7
44;120
158;206
204;197
183;128
84;12
0;0
0;0
0;0
0;0
0;0
0;72
97;159
184;203
212;182
158;88
56;0
0;0
0;0
0;0
0;0
0;0
0;85
125;176
202;205
202;158
124;54
0;0
0;0
0;0
0;0
0;0
2;87
126;177
203;203
208;155
121;50
0;0
0;0
0;0
0;0
0;0
0;56
83;160
183;203
211;182
158;94
44;0
0;0
0;0
0;0
0;0
0;0
10;94
122;177
196;207
210;174
156;92
54;0
0;0
0;0
0;0
0;0
0;16
53;128
164;197
212;194
178;125
76;2
0;0
0;0
0;0
0;0
0;19
57;131
166;197
213;193
176;116
72;0
0;0
0;0
0;0
0;0
0;0
0;69
98;157
184;203
211;181
158;94
55;0
0;0
0;0
0;0
0;0
0;0
0;84
124;175
202;204
202;158
124;54
0;0
0;0
0;0
0;0
0;0
1;88
127;178
203;204
201;157
122;49
0;0
0;0
0;0
0;0
0;0
0;45
84;150
183;186
211;182
158;93
45;0
0;0
0;0
0;0
0;0
0;0
8;94
123;175
196;214
209;174
156;88
53;0
0;0
0;0
0;0
0;0
0;28
65;137
172;198
212;189
171;111
60;0
0;0
0;0
0;0
0;0
0;31
65;140
174;200
213;188
158;107
59;0
0;0
0;0
0;0
0;0
0;0
6;92
120;173
200;207
205;161
128;59
16;0
0;0
0;0
0;0
0;0
0;14
38;118
145;187
209;201
192;141
102;29
0;0
0;0
0;0
0;0
0;0
28;110
146;185
209;200
190;125
99;27
0;0
0;0
0;0
0;0
0;0
5;90
129;179
204;209
200;155
118;44
0;0
0;0
0;0
0;0
0;0
0;36
67;135
162;195
211;199
199;143
115;44
1;0
0;0
0;0
0;0
0;0
0;63
102;163
192;199
209;172
144;77
23;0
0;0
0;0
0;0
0;0
0;66
106;153
192;204
207;169
141;74
21;0
0;0
0;0
0;0
0;0
0;11
33;116
151;191
210;199
188;136
94;25
0;0
0;0
0;0
0;0
0;0
0;49
76;145
164;199
199;194
180;122
78;5
0;0
0;0
0;0
0;0
0;17
53;128
165;197
212;194
178;119
75;2
0;0
0;0
0;0
0;0
0;8
32;114
149;190
210;200
189;143
92;23
0;0
0;0
0;0
0;0
0;0
0;48
74;144
170;199
212;193
187;139
104;32
0;0
0;0
0;0
0;0
0;0
0;63
102;162
192;203
206;172
144;77
30;0
0;0
0;0
0;0
0;0
0;66
105;165
194;204
208;173
130;73
20;0
0;0
0;0
0;0
0;0
0;21
47;123
160;195
209;196
182;122
82;9
0;0
0;0
0;0
0;0
0;0
0;61
90;153
179;202
212;185
164;101
52;0
0;0
0;0
0;0
0;0
0;41
80;147
180;203
212;197
161;98
48;0
0;0
0;0
0;0
0;0
0;32
72;141
175;200
209;187
168;106
59;0
0;0
0;0
0;0
0;0
0;0
0;83
121;166
190;205
209;180
165;102
67;0
0;0
0;0
0;0
0;0
0;0
26;107
145;187
209;200
191;138
101;28
0;0
0;0
0;0
0;0
0;0
30;110
148;179
207;200
190;138
97;28
0;0
0;0
0;0
0;0
0;0
0;58
85;151
178;203
211;181
158;97
57;0
0;0
0;0
0;0
0;0
0;0
0;84
112;168
191;204
210;187
163;100
53;0
0;0
0;0
0;0
0;0
0;40
79;144
181;203
214;184
161;99
49;0
0;0
0;0
0;0
0;0
0;44
82;150
183;203
212;182
159;94
45;0
0;0
0;0
0;0
0;0
0;0
19;94
124;174
202;203
191;161
133;68
28;0
0;0
0;0
0;0
0;0
0;3
38;117
156;194
211;199
186;131
89;15
0;0
0;0
0;0
0;0
0;6
42;120
157;195
211;197
184;108
86;13
0;0
0;0
0;0
0;0
0;0
0;69
98;159
189;199
210;175
149;85
44;0
0;0
0;0
0;0
0;0
0;0
10;94
123;186
197;206
209;173
150;90
54;0
0;0
0;0
0;0
0;0
0;42
79;144
180;215
212;184
165;98
49;0
0;0
0;0
0;0
0;0
0;44
83;150
180;204
212;182
159;95
45;0
0;0
0;0
0;0
0;0
0;0
10;93
121;174
201;205
207;168
138;68
29;0
0;0
0;0
0;0
0;0
0;3
25;107
145;188
209;201
192;139
102;29
0;0
0;0
0;0
0;0
0;0
27;110
148;189
211;200
190;138
98;23
0;0
0;0
0;0
0;0
0;0
0;81
107;168
195;202
207;170
139;71
17;0
0;0
0;0
0;0
0;0
0;13
36;116
143;185
205;203
206;159
124;68
21;0
0;0
0;0
0;0
0;0
0;64
103;164
193;205
209;172
143;77
23;0
0;0
0;0
0;0
0;0
0;62
110;165
194;205
207;169
140;74
15;0
0;0
0;0
0;0
0;0
0;11
34;115
151;190
205;199
188;134
94;20
0;0
0;0
0;0
0;0
0;0
0;50
88;146
179;202
211;185
163;100
52;0
0;0
0;0
0;0
0;0
0;44
86;148
181;203
211;183
161;97
47;0
0;0
0;0
0;0
0;0
0;10
44;123
159;195
217;196
182;125
83;10
0;0
0;0
0;0
0;0
0;0
0;58
88;148
178;201
226;190
178;122
79;19
0;0
0;0
0;0
0;0
0;0
24;108
145;185
211;201
191;141
101;27
0;0
0;0
0;0
0;0
0;0
31;110
149;189
218;200
189;134
99;23
0;0
0;0
0;0
0;0
0;0
0;59
81;153
184;205
212;181
168;103
64;0
0;0
0;0
0;0
0;0
0;0
0;75
113;170
197;205
206;155
137;65
12;0
0;0
0;0
0;0
0;0
0;77
116;171
199;204
205;163
132;60
8;0
0;0
0;0
0;0
0;0
0;45
71;142
176;202
214;187
166;106
57;0
0;0
0;0
0;0
0;0
0;0
0;84
112;168
191;205
211;180
153;102
66;0
0;0
0;0
0;0
0;0
0;17
54;129
167;197
211;194
177;119
75;5
0;0
0;0
0;0
0;0
0;20
57;131
167;198
212;182
176;117
71;0
0;0
0;0
0;0
0;0
0;0
0;70
98;160
184;202
210;181
157;90
56;0
0;0
0;0
0;0
0;0
0;0
0;85
124;176
202;204
201;158
122;54
0;0
0;0
0;0
0;0
0;0
4;88
127;178
198;204
200;157
127;50
0;0
0;0
0;0
0;0
0;0
0;57
84;152
186;203
212;181
158;92
43;0
0;0
0;0
0;0
0;0
0;0
10;96
124;175
197;206
209;174
155;77
52;0
0;0
0;0
0;0
0;0
0;29
67;138
173;200
213;189
184;109
62;0
0;0
0;0
0;0
0;0
0;32
71;140
175;201
213;188
168;106
59;0
0;0
0;0
0;0
0;0
0;0
0;82
93;168
191;204
210;173
148;80
41;0
0;0
0;0
0;0
0;0
0;0
12;96
135;182
206;203
199;149
112;42
0;0
0;0
0;0
0;0
0;0
16;100
138;181
207;202
195;147
109;37
0;0
0;0
0;0
0;0
0;0
0;57
85;151
179;203
211;176
156;93
43;0
0;0
0;0
0;0
0;0
0;0
11;95
123;175
196;205
211;173
155;90
53;0
0;0
0;0
0;0
0;0
0;41
80;147
181;202
212;184
162;98
49;0
0;0
0;0
0;0
0;0
0;44
84;151
183;202
210;183
159;97
44;0
0;0
0;0
0;0
0;0
0;0
9;94
122;174
202;207
210;160
137;70
28;0
0;0
0;0
0;0
0;0
0;3
39;118
155;192
211;197
185;131
88;16
0;0
0;0
0;0
0;0
0;7
43;121
157;194
213;199
184;128
85;12
0;0
0;0
0;0
0;0
0;0
0;70
97;159
190;204
211;175
148;69
43;0
0;0
0;0
0;0
0;0
0;0
12;94
123;176
197;205
209;173
155;89
39;0
0;0
0;0
0;0
0;0
0;53
92;160
193;204
210;178
152;87
35;0
0;0
0;0
0;0
0;0
0;64
95;158
189;202
210;176
150;77
31;0
0;0
0;0
0;0
0;0
0;0
23;107
133;182
207;203
198;152
126;56
15;0
0;0
0;0
0;0
0;0
0;28
66;142
174;199
212;169
171;110
63;0
0;0
0;0
0;0
0;0
0;30
69;140
174;199
213;183
175;107
59;0
0;0
0;0
0;0
0;0
0;0
7;92
121;173
200;205
203;154
129;58
3;0
0;0
0;0
0;0
0;0
0;28
51;120
154;187
208;201
197;150
125;54
0;0
0;0
0;0
0;0
0;0
0;88
126;177
202;204
200;156
122;51
0;0
0;0
0;0
0;0
0;0
5;90
130;180
204;204
200;154
118;47
0;0
0;0
0;0
0;0
0;0
0;36
61;135
162;195
201;195
180;133
105;32
0;0
0;0
0;0
0;0
0;0
0;51
90;155
186;204
210;178
156;88
37;0
0;0
0;0
0;0
0;0
0;55
93;157
188;204
211;177
149;85
33;0
0;0
0;0
0;0
0;0
0;11
34;114
151;191
210;199
188;139
89;21
0;0
0;0
0;0
0;0
0;0
0;50
77;145
184;199
212;195
186;132
90;18
0;0
0;0
0;0
0;0
0;5
42;120
158;194
211;195
183;129
87;14
0;0
0;0
0;0
0;0
0;9
38;112
150;191
210;200
189;135
95;22
0;0
0;0
0;0
0;0
0;0
0;60
87;148
178;202
213;186
164;113
79;7
0;0
0;0
0;0
0;0
0;0
0;74
112;170
197;203
206;165
133;65
11;0
0;0
0;0
0;0
0;0
0;77
117;172
199;205
204;163
131;62
7;0
0;0
0;0
0;0
0;0
0;33
60;133
169;198
213;191
175;115
69;0
0;0
0;0
0;0
0;0
0;0
0;73
102;162
190;204
221;185
172;112
78;5
0;0
0;0
0;0
0;0
0;17
54;129
165;209
212;194
178;119
74;4
0;0
0;0
0;0
0;0
0;20
58;133
167;198
212;192
175;116
70;0
0;0
0;0
0;0
0;0
0;0
0;71
99;161
184;198
212;181
165;103
54;0
0;0
0;0
0;0
0;0
0;0
0;86
125;176
203;204
203;160
128;53
0;0
0;0
0;0
0;0
0;0
3;90
129;178
203;203
201;154
121;49
0;0
0;0
0;0
0;0
0;0
0;46
73;142
176;201
212;186
166;114
58;0
0;0
0;0
0;0
0;0
0;0
0;84
112;169
192;204
210;180
164;102
65;0
0;0
0;0
0;0
0;0
0;17
54;127
164;197
211;194
178;119
74;0
0;0
0;0
0;0
0;0
0;20
59;131
168;199
212;192
175;116
71;0
0;0
0;0
0;0
0;0
0;0
0;82
110;168
196;205
206;167
137;69
28;0
0;0
0;0
0;0
0;0
0;3
26;107
145;188
209;200
193;141
101;28
0;0
0;0
0;0
0;0
0;0
28;110
151;188
212;200
190;140
97;25
0;0
0;0
0;0
0;0
0;0
0;69
96;159
190;203
210;175
148;82
30;0
0;0
0;0
0;0
0;0
0;0
24;106
138;182
196;204
213;166
145;78
39;0
0;0
0;0
0;0
0;0
0;54
92;156
187;204
210;178
152;86
37;0
0;0
0;0
0;0
0;0
0;56
96;161
193;205
210;175
149;83
31;0
0;0
0;0
0;0
0;0
0;1
23;105
134;181
205;205
198;153
126;55
14;0
0;0
0;0
0;0
0;0
0;16
53;130
165;195
211;194
178;120
74;3
0;0
0;0
0;0
0;0
0;19
57;131
167;197
212;193
176;116
82;0
0;0
0;0
0;0
0;0
0;0
0;81
110;167
196;204
201;168
138;70
29;0
0;0
0;0
0;0
0;0
0;4
25;107
135;182
202;204
206;166
145;78
25;0
0;0
0;0
0;0
0;0
0;65
117;164
194;204
205;171
142;77
24;0
0;0
0;0
0;0
0;0
0;57
96;155
189;204
209;197
149;82
31;0
0;0
0;0
0;0
0;0
0;2
24;105
133;185
201;207
206;166
146;79
40;0
0;0
0;0
0;0
0;0
0;16
58;129
165;205
223;194
178;118
75;3
0;0
0;0
0;0
0;0
0;20
58;130
165;198
213;194
179;117
71;0
0;0
0;0
0;0
0;0
0;0
4;82
111;168
195;204
202;168
137;75
28;0
0;0
0;0
0;0
0;0
0;3
25;107
135;182
201;204
202;158
123;53
0;0
0;0
0;0
0;0
0;0
2;89
127;181
204;204
200;159
120;50
0;0
0;0
0;0
0;0
0;0
0;74
108;166
196;205
207;170
139;70
15;0
0;0
0;0
0;0
0;0
0;16
38;115
145;187
205;201
204;163
135;67
26;0
0;0
0;0
0;0
0;0
0;52
92;156
187;204
210;175
153;87
36;0
0;0
0;0
0;0
0;0
0;57
97;158
189;204
210;177
149;83
32;0
0;0
0;0
0;0
0;0
0;1
22;102
142;186
208;205
193;143
115;44
1;0
0;0
0;0
0;0
0;0
0;27
52;125
163;196
212;195
174;121
76;4
0;0
0;0
0;0
0;0
0;27
56;130
164;198
212;193
178;118
73;0
0;0
0;0
0;0
0;0
0;0
7;92
121;174
200;205
204;161
128;57
4;0
0;0
0;0
0;0
0;0
0;26
57;126
155;192
208;201
198;150
125;54
12;0
0;0
0;0
0;0
0;0
0;64
104;164
190;205
208;170
144;75
22;0
0;0
0;0
0;0
0;0
0;67
110;166
195;207
207;169
139;72
19;0
0;0
0;0
0;0
0;0
0;11
36;119
153;191
210;200
187;133
92;19
0;0
0;0
0;0
0;0
0;0
0;50
79;146
179;202
212;184
162;98
50;0
0;0
0;0
0;0
0;0
0;53
86;149
182;201
216;182
160;95
47;0
0;0
0;0
0;0
0;0
0;10
47;127
160;195
213;198
181;124
81;9
0;0
0;0
0;0
0;0
0;0
0;61
89;152
179;202
212;190
179;122
90;18
0;0
0;0
0;0
0;0
0;0
29;108
147;189
210;200
190;139
95;26
0;0
0;0
0;0
0;0
0;0
30;112
150;191
210;200
189;136
96;19
0;0
0;0
0;0
0;0
0;0
0;60
85;152
178;202
212;186
164;102
67;0
0;0
0;0
0;0
0;0
0;0
0;75
114;172
197;205
205;164
131;64
11;0
0;0
0;0
0;0
0;0
0;91
117;172
199;205
204;163
131;61
0;0
0;0
0;0
0;0
0;0
0;46
73;143
180;202
205;187
166;100
52;0
0;0
0;0
0;0
0;0
0;0
0;86
112;168
192;204
211;180
164;100
65;0
0;0
0;0
0;0
0;0
0;17
54;129
166;198
212;193
177;119
74;1
0;0
0;0
0;0
0;0
0;21
58;133
168;197
212;187
175;116
70;0
0;0
0;0
0;0
0;0
0;0
0;71
99;161
186;208
207;180
157;91
54;0
0;0
0;0
0;0
0;0
0;0
0;86
125;176
202;204
201;157
123;52
0;0
0;0
0;0
0;0
0;0
4;80
129;179
202;202
211;154
120;49
0;0
0;0
0;0
0;0
0;0
0;46
73;142
177;201
213;187
169;104
55;0
0;0
0;0
0;0
0;0
0;0
1;85
113;169
192;204
210;179
159;101
61;0
0;0
0;0
0;0
0;0
0;30
68;138
174;201
213;188
168;108
61;0
0;0
0;0
0;0
0;0
0;39
64;141
176;201
215;187
167;114
56;0
0;0
0;0
0;0
0;0
0;0
0;83
112;170
197;206
207;173
157;91
53;0
0;0
0;0
0;0
0;0
0;0
14;98
137;183
206;203
196;148
111;40
0;0
0;0
0;0
0;0
0;0
18;96
142;184
207;203
196;146
107;33
0;0
0;0
0;0
0;0
0;0
0;47
74;143
177;201
212;182
169;103
55;0
0;0
0;0
0;0
0;0
0;0
0;85
113;169
192;204
213;179
156;99
51;0
0;0
0;0
0;0
0;0
0;42
81;148
181;204
210;183
160;98
59;0
0;0
0;0
0;0
0;0
0;43
86;150
183;203
212;182
158;94
42;0
0;0
0;0
0;0
0;0
0;0
10;94
122;177
202;205
206;166
146;79
40;0
0;0
0;0
0;0
0;0
0;19
41;119
156;193
211;198
184;130
87;15
0;0
0;0
0;0
0;0
0;7
43;122
158;194
211;196
183;128
90;12
0;0
0;0
0;0
0;0
0;0
0;71
103;160
191;206
213;174
147;84
42;0
0;0
0;0
0;0
0;0
0;0
12;97
125;165
198;206
208;172
147;77
25;0
0;0
0;0
0;0
0;0
0;65
105;165
194;203
216;169
142;73
19;0
0;0
0;0
0;0
0;0
0;56
97;159
189;200
210;175
148;72
30;0
0;0
0;0
0;0
0;0
0;2
24;105
134;182
202;204
206;166
145;79
40;0
0;0
0;0
0;0
0;0
0;16
54;130
165;197
212;191
178;119
75;16
0;0
0;0
0;0
0;0
0;20
63;132
167;194
225;192
175;116
71;0
0;0
0;0
0;0
0;0
0;0
0;82
111;170
196;205
206;165
137;69
34;0
0;0
0;0
0;0
0;0
0;3
26;107
135;182
202;204
201;165
134;67
11;0
0;0
0;0
0;0
0;0
0;77
117;175
199;205
204;162
131;61
8;0
0;0
0;0
0;0
0;0
0;72
110;166
195;205
208;168
139;77
20;0
0;0
0;0
0;0
0;0
0;13
36;116
144;187
205;202
202;158
137;67
27;0
0;0
0;0
0;0
0;0
0;17
54;129
163;197
212;194
177;119
74;3
0;0
0;0
0;0
0;0
0;21
59;130
168;196
208;192
175;116
71;0
0;0
0;0
0;0
0;0
0;0
0;83
110;166
209;204
206;167
137;62
28;0
0;0
0;0
0;0
0;0
0;4
26;107
134;183
203;204
delay,correlation
highshift: (milli*1000)205
highr: (*1000)972
105;162
185;204
213;185
172;111
78;5
0;0
0;0
0;0
0;0
0;0
28;109
150;189
210;201
191;136
99;26
0;0
0;0
0;0
0;0
0;0
32;111
150;191
222;201
189;127
98;22
0;0
0;0
0;0
0;0
0;0
0;60
87;153
185;203
211;181
157;94
50;0
0;0
0;0
0;0
0;0
0;0
0;85
125;177
203;205
201;158
122;52
0;0
0;0
0;0
0;0
0;0
5;89
129;179
204;203
200;155
119;48
0;0
0;0
0;0
0;0
0;0
0;59
86;149
185;203
211;182
157;92
43;0
0;0
0;0
0;0
0;0
0;0
12;96
124;176
197;205
209;173
154;89
53;0
0;0
0;0
0;0
0;0
0;43
81;148
182;204
212;179
161;97
49;0
0;0
0;0
0;0
0;0
0;48
84;151
187;203
212;183
158;93
44;0
0;0
0;0
0;0
0;0
0;0
10;94
126;176
201;205
203;160
136;67
26;0
0;0
0;0
0;0
0;0
0;5
40;119
156;188
211;197
184;129
88;15
0;0
0;0
0;0
0;0
0;7
44;121
159;194
211;196
182;126
83;12
0;0
0;0
0;0
0;0
0;0
0;71
100;160
191;205
204;175
147;83
42;0
0;0
0;0
0;0
0;0
0;0
13;97
125;189
197;205
205;172
153;88
37;0
0;0
0;0
0;0
0;0
0;54
93;155
188;204
211;177
151;76
33;0
0;0
0;0
0;0
0;0
0;46
89;151
183;215
211;181
159;93
43;0
0;0
0;0
0;0
0;0
0;0
11;95
124;176
197;205
209;173
154;90
52;0
0;0
0;0
0;0
0;0
0;5
41;119
157;188
213;197
183;129
86;14
0;0
0;0
0;0
0;0
0;9
45;123
160;194
211;196
183;126
83;10
0;0
0;0
0;0
0;0
0;0
0;72
100;161
190;205
209;173
147;80
40;0
0;0
0;0
0;0
0;0
0;3
8;97
125;177
202;204
202;150
122;52
0;0
0;0
0;0
0;0
0;0
4;88
129;179
205;204
201;155
119;48
0;0
0;0
0;0
0;0
0;0
0;47
74;143
177;202
212;186
165;103
52;0
0;0
0;0
0;0
0;0
0;0
0;85
114;170
192;205
211;179
163;101
64;2
0;0
0;0
0;0
0;0
0;30
69;139
173;201
211;190
168;107
60;0
0;0
0;0
0;0
0;0
0;35
74;142
176;201
213;187
166;105
56;0
0;0
0;0
0;0
0;0
0;0
0;84
112;169
198;206
206;166
146;78
39;0
0;0
0;0
0;0
0;0
0;5
42;119
158;173
211;197
185;129
86;14
0;0
0;0
0;0
0;0
0;8
45;132
160;194
212;197
183;126
86;10
0;0
0;0
0;0
0;0
0;0
0;72
100;160
191;204
207;174
147;80
27;0
0;0
0;0
0;0
0;0
0;4
26;108
135;183
205;204
199;166
134;64
10;0
0;0
0;0
0;0
0;0
0;78
117;172
199;205
204;163
131;61
6;0
0;0
0;0
0;0
0;0
0;69
109;167
198;205
207;168
139;70
16;0
0;0
0;0
0;0
0;0
0;15
37;132
144;187
209;201
198;150
123;54
12;0
0;0
0;0
0;0
0;0
0;29
67;137
173;200
213;189
170;108
66;0
0;0
0;0
0;0
0;0
0;32
70;140
176;201
212;187
167;104
58;0
0;0
0;0
0;0
0;0
0;0
9;94
122;175
201;205
201;160
126;53
14;0
0;0
0;0
0;0
0;0
0;15
39;118
146;188
206;202
196;149
112;41
0;0
0;0
0;0
0;0
0;0
17;100
139;184
206;203
196;146
109;37
0;0
0;0
0;0
0;0
0;0
0;81
121;155
200;205
203;160
128;58
2;0
0;0
0;0
0;0
0;0
0;26
51;127
155;192
209;201
197;150
125;54
9;0
0;0
0;0
0;0
0;0
0;42
82;148
181;204
207;184
161;98
48;0
0;0
0;0
0;0
0;0
0;45
83;150
182;203
214;183
158;94
44;0
0;0
0;0
0;0
0;0
0;1
24;105
143;186
208;201
191;142
103;32
0;0
0;0
0;0
0;0
0;0
0;40
66;137
164;197
211;197
185;135
82;16
0;0
0;0
0;0
0;0
0;6
41;121
158;194
211;197
183;127
85;11
0;0
0;0
0;0
0;0
0;0
21;103
141;185
207;201
194;144
105;33
0;0
0;0
0;0
0;0
0;0
0;50
76;146
171;200
212;195
186;132
102;29
0;0
0;0
0;0
0;0
0;0
0;65
104;164
194;205
207;171
142;75
22;0
0;0
0;0
0;0
0;0
0;68
107;165
193;205
208;169
140;71
18;0
0;0
0;0
0;0
0;0
0;24
51;125
162;195
212;195
181;112
81;6
0;0
0;0
0;0
0;0
0;0
0;64
91;155
180;202
213;189
170;111
63;0
0;0
0;0
0;0
0;0
0;34
69;140
175;200
210;189
173;106
59;0
0;0
0;0
0;0
0;0
0;23
61;132
169;198
212;192
174;114
69;0
0;0
0;0
0;0
0;0
0;0
0;73
101;162
186;204
212;185
172;115
78;5
0;0
0;0
0;0
0;0
0;0
2;87
127;177
200;205
201;156
118;50
0;0
0;0
0;0
0;0
0;0
6;91
128;179
204;203
200;153
118;48
0;0
0;0
0;0
0;0
0;0
0;57
62;128
170;199
212;191
173;113
66;0
0;0
0;0
0;0
0;0
0;0
0;73
103;164
187;195
213;193
152;99
50;0
0;0
0;0
0;0
0;0
0;45
78;150
182;201
212;182
159;97
46;0
0;0
0;0
0;0
0;0
0;49
100;151
183;204
211;192
156;93
43;0
0;0
0;0
0;0
0;0
0;0
10;96
125;176
202;204
206;166
145;79
39;0
0;0
0;0
0;0
0;0
0;6
41;120
155;193
211;197
184;129
87;14
0;0
0;0
0;0
0;0
0;10
47;122
159;194
213;196
182;126
83;10
0;0
0;0
0;0
0;0
0;0
0;71
100;156
193;204
209;180
146;79
41;0
0;0
0;0
0;0
0;0
0;0
14;99
125;173
198;205
209;169
153;87
36;0
0;0
0;0
0;0
0;0
0;54
94;157
189;199
205;176
151;84
33;0
0;0
0;0
0;0
0;0
0;58
98;160
191;204
210;185
147;82
30;0
0;0
0;0
0;0
0;0
0;4
24;106
131;182
206;203
197;150
113;42
0;0
0;0
0;0
0;0
0;0
0;29
66;138
176;200
212;188
173;109
62;0
0;0
0;0
0;0
0;0
0;32
71;139
181;201
212;186
168;105
58;0
0;0
0;0
0;0
0;0
0;0
8;94
122;175
204;204
204;158
128;56
1;0
0;0
0;0
0;0
0;0
0;27
52;128
155;193
211;201
197;149
124;53
13;0
0;0
0;0
0;0
0;0
0;78
117;172
199;205
203;163
131;61
7;0
0;0
0;0
0;0
0;0
0;79
120;174
201;204
202;161
127;58
3;0
0;0
0;0
0;0
0;0
0;26
46;126
154;192
211;198
187;132
102;31
0;0
0;0
0;0
0;0
0;0
0;40
80;161
180;202
211;184
152;98
49;0
0;0
0;0
0;0
0;0
0;44
83;150
183;203
210;182
159;96
51;0
0;0
0;0
0;0
0;0
0;12
38;115
152;191
211;199
187;125
92;20
0;0
0;0
0;0
0;0
0;0
0;50
78;146
172;200
212;195
185;131
100;29
0;0
0;0
0;0
0;0
0;0
16;100
135;184
207;202
196;146
110;37
0;0
0;0
0;0
0;0
0;0
21;103
141;183
207;203
194;143
106;34
0;0
0;0
0;0
0;0
0;0
0;51
76;145
178;202
212;185
164;101
65;0
0;0
0;0
0;0
0;0
0;0
0;75
115;171
198;205
206;170
133;64
8;0
0;0
0;0
0;0
0;0
0;79
119;172
201;205
204;162
129;57
6;0
0;0
0;0
0;0
0;0
0;36
74;143
179;203
212;186
165;105
53;0
0;0
0;0
0;0
0;0
0;0
0;85
114;167
193;205
209;178
162;99
63;0
0;0
0;0
0;0
0;0
0;19
56;127
165;197
212;192
177;118
73;0
0;0
0;0
0;0
0;0
0;28
60;133
169;198
213;202
174;115
69;0
0;0
0;0
0;0
0;0
0;0
0;73
101;161
192;204
209;173
146;79
39;0
0;0
0;0
0;0
0;0
0;0
14;98
136;183
206;201
193;148
111;47
0;0
0;0
0;0
0;0
0;0
17;103
148;186
207;206
194;145
106;36
0;0
0;0
0;0
0;0
0;0
0;59
98;153
191;204
209;174
146;80
30;0
0;0
0;0
0;0
0;0
0;3
26;107
135;183
192;204
205;165
146;77
37;0
0;0
0;0
0;0
0;0
0;31
69;140
175;203
214;188
169;105
59;0
0;0
0;0
0;0
0;0
0;26
72;141
176;201
211;187
167;105
57;0
0;0
0;0
0;0
0;0
0;0
10;95
123;176
201;206
203;158
125;55
13;0
0;0
0;0
0;0
0;0
0;14
40;119
147;188
208;197
191;139
99;28
0;0
0;0
0;0
0;0
0;0
31;112
149;191
214;200
190;136
96;24
0;0
0;0
0;0
0;0
0;0
12;93
132;182
204;203
198;152
116;45
0;0
0;0
0;0
0;0
0;0
0;39
65;137
164;198
211;198
192;140
113;42
0;0
0;0
0;0
0;0
0;0
0;48
98;156
188;204
210;178
152;82
32;0
0;0
0;0
0;0
0;0
0;57
106;158
190;204
210;175
149;83
30;0
0;0
0;0
0;0
0;0
0;12
36;116
153;193
211;199
186;132
91;19
0;0
0;0
0;0
0;0
0;0
0;52
88;147
172;200
212;194
184;130
87;16
0;0
0;0
0;0
0;0
0;7
52;121
158;189
212;197
183;125
87;13
0;0
0;0
0;0
0;0
0;11
48;124
161;181
211;195
181;119
69;9
0;0
0;0
0;0
0;0
0;0
0;62
89;154
179;203
212;185
172;111
78;4
0;0
0;0
0;0
0;0
0;0
0;73
118;171
199;206
205;163
132;62
8;0
0;0
0;0
0;0
0;0
0;80
119;173
202;205
204;162
129;60
5;0
0;0
0;0
0;0
0;0
0;25
50;128
162;196
213;195
180;123
78;6
0;0
0;0
0;0
0;0
0;0
0;64
90;155
180;203
213;189
178;120
88;15
0;0
0;0
0;0
0;0
0;7
43;121
158;194
212;196
185;126
77;12
0;0
0;0
0;0
0;0
0;10
47;124
161;195
212;196
181;124
81;9
0;0
0;0
0;0
0;0
0;0
0;61
89;154
179;202
212;185
164;101
59;0
0;0
0;0
0;0
0;0
0;0
5;88
116;171
199;205
206;161
132;63
8;0
0;0
0;0
0;0
0;0
0;75
117;172
200;206
203;161
130;56
0;0
0;0
0;0
0;0
0;0
0;59
99;161
191;205
198;174
147;82
29;0
0;0
0;0
0;0
0;0
0;7
28;109
135;178
202;204
205;165
144;79
38;0
0;0
0;0
0;0
0;0
0;31
69;137
171;200
212;188
169;128
59;0
0;0
0;0
0;0
0;0
0;34
79;142
177;214
208;187
166;104
56;0
0;0
0;0
0;0
0;0
0;0
10;97
124;175
202;204
202;158
125;55
12;0
0;0
0;0
0;0
0;0
0;17
41;119
147;189
207;204
197;147
111;39
0;0
0;0
0;0
0;0
0;0
19;100
139;193
208;202
195;145
108;36
0;0
0;0
0;0
0;0
0;0
0;82
119;174
201;205
202;160
126;57
1;0
0;0
0;0
0;0
0;0
0;27
53;125
153;193
209;200
198;149
124;53
11;0
0;0
0;0
0;0
0;0
0;32
71;139
174;201
213;189
169;107
60;0
0;0
0;0
0;0
0;0
0;33
71;143
176;201
212;187
168;105
56;0
0;0
0;0
0;0
0;0
0;0
10;95
123;176
201;204
202;159
125;55
13;0
0;0
0;0
0;0
0;0
0;17
42;119
146;188
206;196
201;150
125;52
0;0
0;0
0;0
0;0
0;0
4;89
129;179
204;204
200;155
119;53
0;0
0;0
0;0
0;0
0;0
8;93
133;180
206;203
199;152
116;46
0;0
0;0
0;0
0;0
0;0
0;38
64;137
163;196
225;195
178;121
88;17
0;0
0;0
0;0
0;0
0;0
0;53
93;156
186;204
210;177
152;86
24;0
0;0
0;0
0;0
0;0
0;57
95;158
189;204
209;172
156;83
31;0
0;0
0;0
0;0
0;0
0;13
50;130
159;195
213;196
181;104
67;7
0;0
0;0
0;0
0;0
0;0
0;63
89;155
180;202
214;190
180;121
88;15
0;0
0;0
0;0
0;0
0;0
30;111
149;189
209;200
189;138
96;24
0;0
0;0
0;0
0;0
0;0
33;114
151;191
210;199
188;132
93;20
0;0
0;0
0;0
0;0
0;0
0;62
84;154
185;204
210;180
155;89
52;0
0;0
0;0
0;0
0;0
0;0
3;84
115;171
198;205
205;165
132;63
8;0
0;0
0;0
0;0
0;0
0;80
119;179
199;204
204;163
117;60
5;0
0;0
0;0
0;0
0;0
0;48
87;153
184;203
212;180
156;91
41;0
0;0
0;0
0;0
0;0
0;0
12;97
126;177
198;205
206;171
149;89
52;0
0;0
0;0
0;0
0;0
0;19
55;132
166;198
212;193
176;117
72;0
0;0
0;0
0;0
0;0
0;22
60;134
169;199
214;191
174;121
66;0
0;0
0;0
0;0
0;0
0;0
0;84
118;169
198;205
206;166
135;67
26;0
0;0
0;0
0;0
0;0
0;9
28;110
136;183
203;205
201;156
121;52
0;0
0;0
0;0
0;0
0;0
5;85
129;179
204;204
200;154
119;47
0;0
0;0
0;0
0;0
0;0
0;71
110;168
196;216
206;167
138;67
14;0
0;0
0;0
0;0
0;0
0;10
39;118
146;192
205;203
202;157
136;65
20;0
0;0
0;0
0;0
0;0
0;43
82;154
184;203
213;184
161;96
46;0
0;0
0;0
0;0
0;0
0;45
85;151
184;203
211;184
158;93
42;0
0;0
0;0
0;0
0;0
0;2
24;106
144;187
208;201
192;141
102;30
0;0
0;0
0;0
0;0
0;0
0;41
68;139
165;198
212;193
177;118
73;2
0;0
0;0
0;0
0;0
0;21
60;131
168;196
214;194
176;116
70;0
0;0
0;0
0;0
0;0
0;0
24;105
143;186
208;200
193;142
104;28
0;0
0;0
0;0
0;0
0;0
0;51
78;147
173;200
213;194
185;133
100;27
0;0
0;0
0;0
0;0
0;0
0;78
118;173
199;205
204;163
131;64
3;0
0;0
0;0
0;0
0;0
0;81
120;174
201;197
203;161
128;58
3;0
0;0
0;0
0;0
0;0
0;25
51;127
163;196
212;194
179;123
78;1
0;0
0;0
0;0
0;0
0;0
0;65
93;156
180;203
212;184
161;96
51;0
0;0
0;0
0;0
0;0
0;49
83;150
183;203
211;182
159;94
44;0
0;0
0;0
0;0
0;0
0;36
74;141
156;202
212;188
164;102
54;0
0;0
0;0
0;0
0;0
0;0
0;86
114;169
193;206
210;178
163;99
63;0
0;0
0;0
0;0
0;0
0;0
31;110
148;189
210;201
189;137
97;24
0;0
0;0
0;0
0;0
0;0
33;113
151;191
210;199
188;135
93;21
0;0
0;0
0;0
0;0
0;0
0;61
89;153
185;204
211;179
154;90
53;0
0;0
0;0
0;0
0;0
0;0
1;87
112;171
193;205
208;179
151;75
23;0
0;0
0;0
0;0
0;0
0;70
108;165
195;205
208;172
138;72
18;0
0;0
0;0
0;0
0;0
0;48
87;153
183;204
211;180
152;91
41;0
0;0
0;0
0;0
0;0
0;0
13;101
125;176
198;207
209;173
153;88
49;0
0;0
0;0
0;0
0;0
0;0
31;110
149;189
209;200
189;137
97;24
0;0
0;0
0;0
0;0
0;0
34;114
151;190
210;199
188;132
93;21
0;0
0;0
0;0
0;0
0;0
0;61
90;154
185;203
211;179
155;89
52;0
0;0
0;0
0;0
0;0
0;0
1;87
115;170
193;205
210;178
161;98
49;1
0;0
0;0
0;0
0;0
0;40
79;150
182;216
211;182
159;94
45;0
0;0
0;0
0;0
0;0
0;36
74;144
179;201
212;187
165;102
54;0
0;0
0;0
0;0
0;0
0;0
0;86
117;169
198;205
209;168
154;81
50;0
0;0
0;0
0;0
0;0
0;0
16;104
137;184
207;202
194;147
109;38
0;0
0;0
0;0
0;0
0;0
19;103
141;185
207;202
195;144
105;35
0;0
0;0
0;0
0;0
0;0
0;62
90;164
187;204
210;181
155;91
40;0
0;0
0;0
0;0
0;0
0;0
11;98
129;177
198;204
208;172
153;87
64;0
0;0
0;0
0;0
0;0
0;44
83;149
187;203
211;183
159;95
53;0
0;0
0;0
0;0
0;0
0;48
86;152
184;204
212;181
157;92
42;0
0;0
0;0
0;0
0;0
0;0
12;96
124;176
202;204
202;158
124;53
12;0
0;0
0;0
0;0
0;0
0;18
41;120
157;193
211;209
184;128
85;7
0;0
0;0
0;0
0;0
0;9
46;123
160;195
213;196
182;123
82;9
0;0
0;0
0;0
0;0
0;0
0;75
112;168
197;204
205;167
136;67
14;0
0;0
0;0
0;0
0;0
0;17
40;118
147;188
206;203
215;156
133;60
23;0
0;0
0;0
0;0
0;0
0;55
94;157
189;204
210;176
151;83
33;0
0;0
0;0
0;0
0;0
0;58
98;160
190;205
210;175
147;81
29;0
0;0
0;0
0;0
0;0
0;14
38;117
154;192
211;198
186;133
91;17
0;0
0;0
0;0
0;0
0;0
0;54
75;148
178;200
212;190
169;108
66;0
0;0
0;0
0;0
0;0
0;33
71;141
175;201
212;188
167;98
61;0
0;0
0;0
0;0
0;0
0;24
64;135
170;200
212;194
173;113
67;0
0;0
0;0
0;0
0;0
0;0
0;75
103;163
187;204
207;184
170;110
76;3
0;0
0;0
0;0
0;0
0;0
3;89
128;178
202;204
192;155
119;50
0;0
0;0
0;0
0;0
0;0
7;92
131;180
207;203
199;152
117;37
0;0
0;0
0;0
0;0
0;0
0;31
63;136
171;199
213;190
172;112
66;8
0;0
0;0
0;0
0;0
0;0
0;70
104;164
186;204
212;185
172;108
62;0
0;0
0;0
0;0
0;0
0;30
71;141
176;201
213;188
167;105
57;0
0;0
0;0
0;0
0;0
0;24
61;135
169;199
213;191
173;122
69;0
0;0
0;0
0;0
0;0
0;0
0;75
102;163
193;205
199;172
151;88
55;0
0;0
0;0
0;0
0;0
0;0
31;110
148;189
209;202
187;138
97;25
0;0
0;0
0;0
0;0
0;0
38;114
151;190
202;199
188;135
95;22
0;0
0;0
0;0
0;0
0;0
0;61
89;153
186;204
211;180
154;89
52;0
0;0
0;0
0;0
0;0
0;0
1;88
116;171
193;205
210;177
161;98
48;0
0;0
0;0
0;0
0;0
0;44
83;150
182;202
212;182
158;96
48;0
0;0
0;0
0;0
0;0
0;48
87;168
186;203
211;187
156;91
42;0
0;0
0;0
0;0
0;0
0;0
13;97
125;178
203;203
210;166
147;77
28;0
0;0
0;0
0;0
0;0
0;0
28;111
148;190
210;200
189;137
97;24
0;0
0;0
0;0
0;0
0;0
33;114
151;190
210;200
188;136
94;23
0;0
0;0
0;0
0;0
0;0
0;63
88;153
185;204
211;180
154;91
52;0
0;0
0;0
0;0
0;0
0;0
1;87
116;171
193;204
210;177
161;99
39;0
0;0
0;0
0;0
0;0
0;44
84;152
183;203
211;181
159;94
44;0
0;0
0;0
0;0
0;0
0;46
88;152
185;204
212;184
165;91
41;0
0;0
0;0
0;0
0;0
0;0
13;97
125;177
203;205
206;166
144;78
37;0
0;0
0;0
0;0
0;0
0;7
43;124
159;193
211;197
182;128
85;14
0;0
0;0
0;0
0;0
0;7
47;124
161;195
213;194
180;125
81;9
0;0
0;0
0;0
0;0
0;0
0;73
101;161
191;205
208;175
145;78
27;0
0;0
0;0
0;0
0;0
0;4
28;109
138;184
201;204
205;162
142;74
22;0
0;0
0;0
0;0
0;0
0;70
107;166
194;204
207;169
139;72
17;0
0;0
0;0
0;0
0;0
0;71
109;168
196;205
206;167
136;71
15;0
0;0
0;0
0;0
0;0
0;16
40;118
146;184
207;201
192;140
112;39
0;0
0;0
0;0
0;0
0;0
0;31
68;139
174;200
211;188
170;107
59;0
0;0
0;0
0;0
0;0
0;34
72;142
179;201
212;186
166;117
57;0
0;0
0;0
0;0
0;0
0;0
11;95
134;182
206;203
194;150
114;42
0;0
0;0
0;0
0;0
0;0
0;39
66;138
166;197
211;197
189;138
110;39
0;0
0;0
0;0
0;0
0;0
19;101
138;185
207;200
188;145
109;36
0;0
0;0
0;0
0;0
0;0
22;105
143;187
208;201
194;142
103;32
0;0
0;0
0;0
0;0
0;0
0;51
78;146
172;199
213;189
171;110
76;5
0;0
0;0
0;0
0;0
0;0
0;67
106;161
195;204
207;169
136;73
20;0
0;0
0;0
0;0
0;0
0;68
109;167
195;205
207;168
138;70
17;0
0;0
0;0
0;0
0;0
0;38
71;135
171;199
212;191
172;112
67;0
0;0
0;0
0;0
0;0
0;0
0;77
103;163
186;204
211;184
169;109
79;1
0;0
0;0
0;0
0;0
0;10
45;123
159;194
213;197
183;126
84;15
0;0
0;0
0;0
0;0
0;11
49;122
151;196
212;196
181;124
80;8
0;0
0;0
0;0
0;0
0;0
0;58
91;154
183;204
211;179
154;84
50;0
0;0
0;0
0;0
0;0
0;0
3;89
117;172
201;205
205;164
139;62
7;0
0;0
0;0
0;0
0;0
0;80
120;178
200;205
203;161
129;59
4;0
0;0
0;0
0;0
0;0
0;61
88;153
186;203
211;180
156;90
40;0
0;0
0;0
0;0
0;0
0;0
29;98
133;177
199;205
208;171
153;85
49;0
0;0
0;0
0;0
0;0
0;9
44;117
159;194
212;197
196;127
84;11
0;0
0;0
0;0
0;0
0;12
49;124
160;195
212;206
182;123
80;7
0;0
0;0
0;0
0;0
0;0
0;74
102;163
193;205
209;172
145;76
38;0
0;0
0;0
0;0
0;0
0;0
16;100
126;179
199;204
205;164
132;64
8;0
0;0
0;0
0;0
0;0
0;77
119;172
197;205
204;163
130;59
4;0
0;0
0;0
0;0
0;0
0;72
112;168
196;205
204;167
136;67
14;0
0;0
0;0
0;0
0;0
0;17
40;118
148;189
206;203
203;156
133;64
22;0
0;0
0;0
0;0
0;0
0;19
58;131
167;198
213;191
183;127
84;12
0;0
0;0
0;0
0;0
0;11
47;124
161;195
211;196
181;121
84;8
0;0
0;0
0;0
0;0
0;0
0;73
101;162
194;204
209;170
143;78
40;0
0;0
0;0
0;0
0;0
0;0
15;99
115;178
199;205
208;171
155;86
35;0
0;0
0;0
0;0
0;0
0;66
95;158
188;204
199;176
149;84
32;0
0;0
0;0
0;0
0;0
0;60
97;160
191;205
209;174
136;79
27;0
0;0
0;0
0;0
0;0
0;8
27;108
136;183
203;204
201;157
133;64
26;0
0;0
0;0
0;0
0;0
0;8
47;122
158;194
219;197
183;127
85;11
0;0
0;0
0;0
0;0
0;11
48;124
150;195
212;195
181;124
83;8
0;0
0;0
0;0
0;0
0;0
0;73
101;162
192;204
208;173
145;78
25;0
0;0
0;0
0;0
0;0
0;6
29;111
138;184
203;204
205;164
142;75
21;0
0;0
0;0
0;0
0;0
0;70
108;166
195;205
207;169
139;71
17;0
0;0
0;0
0;0
0;0
0;75
108;168
196;205
206;172
138;68
14;0
0;0
0;0
0;0
0;0
0;28
53;129
156;192
211;198
185;130
100;28
0;0
0;0
0;0
0;0
0;0
0;55
94;157
189;206
203;177
150;85
36;0
0;0
0;0
0;0
0;0
0;64
97;159
195;204
209;175
148;81
16;0
0;0
0;0
0;0
0;0
0;14
38;117
154;192
210;204
186;132
90;17
0;0
0;0
0;0
0;0
0;0
0;53
82;147
173;203
212;193
184;136
98;26
0;0
0;0
0;0
0;0
0;0
18;101
140;182
206;202
194;145
107;36
0;0
0;0
0;0
0;0
0;0
23;105
143;187
207;201
193;143
99;32
0;0
0;0
0;0
0;0
0;0
0;51
78;146
172;200
212;190
171;110
64;0
0;0
0;0
0;0
0;0
0;0
0;78
109;164
194;204
208;167
141;73
20;0
0;0
0;0
0;0
0;0
0;70
109;168
196;205
200;169
139;70
16;0
0;0
0;0
0;0
0;0
0;50
87;153
185;204
211;179
155;90
39;0
0;0
0;0
0;0
0;0
0;0
15;99
127;177
198;205
208;171
152;86
49;0
0;0
0;0
0;0
0;0
0;33
71;138
175;201
212;187
167;105
58;0
0;0
0;0
0;0
0;0
0;36
72;144
178;202
210;187
164;102
63;0
0;0
0;0
0;0
0;0
0;0
0;85
114;169
197;205
205;165
134;74
24;0
0;0
0;0
0;0
0;0
0;7
30;110
148;189
212;199
191;137
97;25
0;0
0;0
0;0
0;0
0;2
34;114
152;191
210;206
188;135
95;19
0;0
0;0
0;0
0;0
0;0
0;73
113;169
197;205
206;166
135;65
12;0
0;0
0;0
0;0
0;0
0;18
42;117
151;189
205;202
201;155
133;63
21;0
0;0
0;0
0;0
0;0
0;72
102;166
195;201
200;170
138;71
18;0
0;0
0;0
0;0
0;0
0;72
113;168
197;205
201;167
138;68
14;0
0;0
0;0
0;0
0;0
0;16
32;115
145;189
209;201
192;139
111;40
0;0
0;0
0;0
0;0
0;0
0;32
70;141
175;201
212;188
168;107
59;0
0;0
0;0
0;0
0;0
0;34
74;143
177;202
212;187
166;105
56;0
0;0
0;0
0;0
0;0
0;0
12;96
135;182
206;203
197;150
113;41
delay,correlation
highshift: (milli*1000)205
highr: (*1000)971
205;167
136;68
14;0
0;0
0;0
0;0
0;0
0;17
41;118
146;186
207;204
201;156
133;67
23;0
0;0
0;0
0;0
0;0
0;20
58;130
166;198
212;192
176;116
71;0
0;0
0;0
0;0
0;0
0;23
62;134
170;199
212;191
176;114
68;0
0;0
0;0
0;0
0;0
0;0
0;85
113;170
198;205
206;166
135;65
25;0
0;0
0;0
0;0
0;0
0;6
30;110
138;186
203;204
200;163
141;74
20;0
0;0
0;0
0;0
0;0
0;68
108;166
193;205
207;169
137;71
17;0
0;0
0;0
0;0
0;0
0;61
100;164
191;205
209;173
146;80
26;0
0;0
0;0
0;0
0;0
0;5
27;109
137;183
206;203
201;156
132;64
33;0
0;0
0;0
0;0
0;0
0;31
71;141
176;201
212;188
167;107
58;0
0;0
0;0
0;0
0;0
0;35
77;144
178;202
212;186
165;103
55;0
0;0
0;0
0;0
0;0
0;0
12;96
126;177
203;204
202;157
123;53
10;0
0;0
0;0
0;0
0;0
0;19
43;121
148;189
210;199
190;132
97;24
0;0
0;0
0;0
0;0
0;0
34;114
145;190
210;199
197;134
93;24
0;0
0;0
0;0
0;0
0;0
0;84
123;176
201;204
202;152
124;55
1;0
0;0
0;0
0;0
0;0
0;18
55;128
156;193
209;201
196;148
121;46
8;0
0;0
0;0
0;0
0;0
0;68
108;155
194;205
207;168
140;71
18;0
0;0
0;0
0;0
0;0
0;72
112;168
196;214
206;167
139;68
14;0
0;0
0;0
0;0
0;0
0;28
53;128
165;195
212;194
179;122
88;15
0;0
0;0
0;0
0;0
0;0
0;55
82;149
182;203
212;183
159;98
46;0
0;0
0;0
0;0
0;0
0;46
85;152
184;203
211;178
157;93
42;0
0;0
0;0
0;0
0;0
0;14
51;127
163;196
212;198
181;122
78;5
0;0
0;0
0;0
0;0
0;0
0;65
93;156
181;202
213;189
177;119
87;14
0;0
0;0
0;0
0;0
0;0
19;96
141;185
207;198
193;146
106;35
0;0
0;0
0;0
0;0
0;0
23;105
143;188
208;202
193;143
103;31
0;0
0;0
0;0
0;0
0;0
0;52
78;144
180;202
212;184
161;100
38;0
0;0
0;0
0;0
0;0
0;0
2;89
117;172
194;202
206;170
141;73
19;0
0;0
0;0
0;0
0;0
0;70
121;167
196;207
207;168
138;70
16;0
0;0
0;0
0;0
0;0
0;61
101;161
192;205
209;174
146;79
30;0
0;0
0;0
0;0
0;0
0;3
28;111
137;184
202;203
205;164
142;75
37;0
0;0
0;0
0;0
0;0
0;36
71;141
175;200
203;188
167;106
58;0
0;0
0;0
0;0
0;0
0;36
65;144
178;202
212;186
165;103
54;0
0;0
0;0
0;0
0;0
0;0
0;97
125;176
202;205
205;157
123;52
10;0
0;0
0;0
0;0
0;0
0;18
43;121
149;190
207;202
198;146
109;37
0;0
0;0
0;0
0;0
0;0
21;103
142;185
209;201
194;143
105;33
0;0
0;0
0;0
0;0
0;0
0;73
112;169
198;205
206;163
135;67
11;0
0;0
0;0
0;0
0;0
0;17
42;124
148;190
207;203
201;156
132;62
22;0
0;0
0;0
0;0
0;0
0;45
84;150
182;203
211;182
161;94
44;0
0;0
0;0
0;0
0;0
0;47
87;152
185;204
211;180
178;91
41;0
0;0
0;0
0;0
0;0
0;4
16;108
146;188
209;202
192;140
100;37
0;0
0;0
0;0
0;0
0;0
0;42
69;140
167;202
211;196
178;127
84;12
0;0
0;0
0;0
0;0
0;12
47;124
160;195
210;195
181;126
78;8
0;0
0;0
0;0
0;0
0;2
24;106
145;187
209;202
192;141
102;29
0;0
0;0
0;0
0;0
0;0
0;53
80;148
173;200
213;192
184;130
97;25
0;0
0;0
0;0
0;0
0;0
0;80
123;170
200;206
203;162
129;52
3;0
0;0
0;0
0;0
0;0
0;83
122;175
201;204
195;159
125;56
1;0
0;0
0;0
0;0
0;0
0;28
53;140
163;197
212;194
178;120
76;3
0;0
0;0
0;0
0;0
0;0
0;66
94;158
182;203
211;183
160;96
47;0
0;0
0;0
0;0
0;0
0;46
85;150
184;203
204;181
158;93
42;0
0;0
0;0
0;0
0;0
0;26
64;136
172;199
212;190
172;113
66;0
0;0
0;0
0;0
0;0
0;0
0;77
104;171
188;204
212;184
169;107
74;0
0;0
0;0
0;0
0;0
0;0
32;113
151;190
210;201
187;136
95;26
0;0
0;0
0;0
0;0
0;1
36;114
153;192
208;198
187;133
91;19
0;0
0;0
0;0
0;0
0;0
0;70
91;154
180;206
212;184
163;98
63;0
0;0
0;0
0;0
0;0
0;0
0;79
107;165
194;205
208;174
140;73
20;0
0;0
0;0
0;0
0;0
0;70
109;167
195;205
207;168
136;69
15;0
0;0
0;0
0;0
0;0
0;50
89;156
194;204
210;178
155;89
38;0
0;0
0;0
0;0
0;0
0;0
3;99
115;178
199;205
207;171
152;86
48;0
0;0
0;0
0;0
0;0
0;24
58;132
164;198
212;193
175;116
69;0
0;0
0;0
0;0
0;0
0;23
54;135
171;199
216;191
173;113
66;0
0;0
0;0
0;0
0;0
0;0
1;86
115;170
198;205
205;165
134;55
24;0
0;0
0;0
0;0
0;0
0;5
31;113
139;185
207;202
196;146
107;37
0;0
0;0
0;0
0;0
0;0
21;103
142;186
207;202
187;143
106;33
0;0
0;0
0;0
0;0
0;0
0;59
89;152
185;203
210;179
154;89
31;0
0;0
0;0
0;0
0;0
0;0
15;99
126;186
199;208
208;173
151;88
47;0
0;0
0;0
0;0
0;0
0;34
71;141
184;201
212;187
165;105
57;0
0;0
0;0
0;0
0;0
0;37
75;145
178;201
212;185
164;101
53;0
0;0
0;0
0;0
0;0
0;0
1;87
115;171
198;205
205;164
133;64
22;0
0;0
0;0
0;0
0;0
0;7
33;111
149;190
204;199
189;137
96;24
0;0
0;0
0;0
0;0
0;0
35;115
152;190
210;199
187;134
93;18
0;0
0;0
0;0
0;0
0;0
0;73
101;162
192;204
210;176
145;77
25;0
0;0
0;0
0;0
0;0
0;7
29;109
138;185
203;204
205;163
142;74
34;0
0;0
0;0
0;0
0;0
0;45
84;151
183;203
211;182
157;93
43;0
0;0
0;0
0;0
0;0
0;49
88;153
186;203
210;180
155;90
40;0
0;0
0;0
0;0
0;0
0;0
14;98
126;181
202;204
196;157
123;50
10;0
0;0
0;0
0;0
0;0
0;21
44;122
158;194
211;208
183;126
85;11
0;0
0;0
0;0
0;0
0;14
45;124
161;192
212;195
183;125
80;7
0;0
0;0
0;0
0;0
0;0
0;86
114;162
197;206
211;165
134;66
15;0
0;0
0;0
0;0
0;0
0;18
31;120
149;189
207;202
200;155
131;63
21;0
0;0
0;0
0;0
0;0
0;69
109;167
196;205
207;169
141;70
17;0
0;0
0;0
0;0
0;0
0;71
112;168
197;204
206;166
135;62
13;0
0;0
0;0
0;0
0;0
0;17
40;119
146;188
211;201
191;138
97;27
0;0
0;0
0;0
0;0
0;0
0;44
83;150
193;203
211;183
159;106
45;0
0;0
0;0
0;0
0;0
0;40
85;152
185;203
217;181
157;91
41;0
0;0
0;0
0;0
0;0
0;3
26;103
142;188
209;201
191;138
101;29
0;0
0;0
0;0
0;0
0;0
0;54
81;148
175;200
213;193
181;128
98;25
0;0
0;0
0;0
0;0
0;0
20;95
140;185
207;201
194;144
106;34
0;0
0;0
0;0
0;0
0;0
24;106
144;187
208;201
192;141
98;31
0;0
0;0
0;0
0;0
0;0
0;53
79;147
173;197
211;189
171;110
75;0
0;0
0;0
0;0
0;0
0;0
0;68
95;158
188;206
219;177
150;84
32;0
0;0
0;0
0;0
0;0
0;60
98;158
190;205
209;174
148;81
43;0
0;0
0;0
0;0
0;0
0;25
62;137
172;199
213;190
159;111
65;0
0;0
0;0
0;0
0;0
0;0
0;77
105;164
187;204
211;182
169;105
74;3
0;0
0;0
0;0
0;0
0;0
11;102
141;185
207;205
194;144
106;35
0;0
0;0
0;0
0;0
0;0
23;105
146;186
205;201
193;142
103;31
0;0
0;0
0;0
0;0
0;0
0;48
79;143
181;202
212;184
163;98
62;0
0;0
0;0
0;0
0;0
0;0
0;79
105;165
189;204
216;183
168;109
59;0
0;0
0;0
0;0
0;0
0;34
73;143
179;201
212;186
166;106
53;0
0;0
0;0
0;0
0;0
0;26
64;136
171;199
212;191
172;108
65;0
0;0
0;0
0;0
0;0
0;0
0;76
105;164
193;205
209;173
152;86
48;0
0;0
0;0
0;0
0;0
0;0
5;92
129;179
213;204
200;154
118;48
0;0
0;0
0;0
0;0
0;0
8;94
132;181
205;203
199;155
115;44
0;0
0;0
0;0
0;0
0;0
0;39
64;137
172;200
214;185
170;110
64;0
0;0
0;0
0;0
0;0
0;0
0;78
105;165
183;204
212;186
168;108
73;0
0;0
0;0
0;0
0;0
0;11
47;127
172;195
212;197
171;125
81;13
0;0
0;0
0;0
0;0
0;14
50;126
162;195
212;194
181;122
78;7
0;0
0;0
0;0
0;0
0;0
0;65
93;156
181;203
212;184
162;98
62;0
0;0
0;0
0;0
0;0
0;0
0;80
119;170
200;205
217;162
129;58
5;0
0;0
0;0
0;0
0;0
0;82
120;175
200;205
203;159
128;58
1;0
0;0
0;0
0;0
0;0
0;50
90;153
186;203
211;179
154;90
34;0
0;0
0;0
0;0
0;0
0;0
16;99
127;179
199;205
208;170
151;85
47;0
0;0
0;0
0;0
0;0
0;22
59;132
168;198
212;192
174;106
69;0
0;0
0;0
0;0
0;0
0;26
64;136
170;199
213;190
172;113
68;0
0;0
0;0
0;0
0;0
0;0
0;87
117;172
198;207
205;163
133;64
23;0
0;0
0;0
0;0
0;0
0;8
31;111
139;184
207;202
195;143
113;36
0;0
0;0
0;0
0;0
0;0
22;104
142;183
208;202
193;138
109;32
0;0
0;0
0;0
0;0
0;0
0;85
124;177
202;204
211;157
124;53
0;0
0;0
0;0
0;0
0;0
0;30
55;129
154;194
218;200
197;147
121;50
18;0
0;0
0;0
0;0
0;0
0;48
85;150
184;203
211;180
156;93
44;0
0;0
0;0
0;0
0;0
0;49
87;153
186;204
211;180
155;91
40;0
0;0
0;0
0;0
0;0
0;4
27;109
146;188
209;201
192;148
100;28
0;0
0;0
0;0
0;0
0;0
0;44
70;140
167;197
211;198
183;130
84;12
0;0
0;0
0;0
0;0
0;12
48;124
161;195
211;199
183;124
81;8
0;0
0;0
0;0
0;0
0;3
38;117
154;193
211;200
183;132
89;17
0;0
0;0
0;0
0;0
0;0
0;53
81;148
174;194
213;189
179;119
86;13
0;0
0;0
0;0
0;0
0;0
0;56
94;159
190;204
215;176
149;82
31;0
0;0
0;0
0;0
0;0
0;60
100;166
193;197
209;174
146;80
28;0
0;0
0;0
0;0
0;0
0;16
52;129
163;196
212;194
178;120
75;5
0;0
0;0
0;0
0;0
0;0
0;67
94;158
182;203
212;188
176;117
88;12
0;0
0;0
0;0
0;0
0;13
53;125
161;195
210;199
179;125
81;8
0;0
0;0
0;0
0;0
0;14
51;126
162;196
213;195
179;122
78;3
0;0
0;0
0;0
0;0
0;0
0;76
104;164
193;217
208;172
145;75
37;0
0;0
0;0
0;0
0;0
0;0
18;101
130;179
204;204
200;155
118;48
0;0
0;0
0;0
0;0
0;0
13;93
132;181
205;201
204;151
116;45
0;0
0;0
0;0
0;0
0;0
0;74
113;168
197;205
206;167
134;68
12;0
0;0
0;0
0;0
0;0
0;18
58;121
147;189
207;201
201;155
130;62
24;0
0;0
0;0
0;0
0;0
0;34
72;142
176;204
212;187
167;104
57;0
0;0
0;0
0;0
0;0
0;37
77;144
179;202
212;186
164;101
53;0
0;0
0;0
0;0
0;0
0;0
30;98
126;180
203;206
201;156
122;51
10;0
0;0
0;0
0;0
0;0
0;20
44;122
150;189
207;202
195;146
108;38
0;0
0;0
0;0
0;0
0;0
22;117
141;186
209;202
194;143
104;32
0;0
0;0
0;0
0;0
0;0
12;97
135;182
206;203
197;149
113;41
0;0
0;0
0;0
0;0
0;0
0;41
70;141
167;197
211;197
190;137
109;36
0;0
0;0
0;0
0;0
0;0
0;57
97;159
191;204
208;175
148;79
30;0
0;0
0;0
0;0
0;0
0;61
100;161
191;205
209;174
147;91
27;0
0;0
0;0
0;0
0;0
0;17
41;119
156;193
211;201
184;130
86;15
0;0
0;0
0;0
0;0
0;0
0;55
84;148
175;201
212;194
176;117
72;0
0;0
0;0
0;0
0;0
0;24
62;135
169;199
212;191
173;113
67;0
0;0
0;0
0;0
0;0
0;2
26;108
146;188
209;201
192;139
100;28
0;0
0;0
0;0
0;0
0;0
0;41
82;149
174;200
213;193
184;127
97;25
0;0
0;0
0;0
0;0
0;0
7;92
130;180
205;204
199;152
119;46
0;0
0;0
0;0
0;0
0;0
11;96
134;182
205;203
197;149
113;43
0;0
0;0
0;0
0;0
0;0
0;41
69;139
166;196
215;194
187;129
88;18
0;0
0;0
0;0
0;0
0;0
0;57
96;159
189;204
209;175
149;88
30;0
0;0
0;0
0;0
0;0
0;59
99;161
191;204
209;174
146;79
27;0
0;0
0;0
0;0
0;0
0;15
27;119
156;202
213;197
185;138
88;15
0;0
0;0
0;0
0;0
0;0
0;55
82;149
175;203
212;192
183;127
96;11
0;0
0;0
0;0
0;0
0;0
34;114
152;191
210;199
177;134
93;23
0;0
0;0
0;0
0;0
0;3
39;117
162;192
210;198
188;131
90;17
0;0
0;0
0;0
0;0
0;0
0;65
93;156
180;203
212;186
155;97
63;0
0;0
0;0
0;0
0;0
0;0
5;91
116;179
205;204
195;153
117;46
0;0
0;0
0;0
0;0
0;0
10;96
133;180
207;203
198;151
113;42
0;0
0;0
0;0
0;0
0;0
0;40
68;138
172;201
212;189
169;110
62;0
0;0
0;0
0;0
0;0
0;0
0;78
109;165
189;204
212;183
168;108
72;0
0;0
0;0
0;0
0;0
0;24
61;134
170;198
213;191
173;114
68;0
0;0
0;0
0;0
0;0
0;26
63;138
172;202
213;190
171;111
64;0
0;0
0;0
0;0
0;0
0;0
0;78
105;164
194;205
210;177
160;84
60;0
0;0
0;0
0;0
0;0
0;0
18;103
141;186
208;202
192;144
106;37
0;0
0;0
0;0
0;0
0;0
25;106
144;187
208;201
192;141
109;31
0;0
0;0
0;0
0;0
0;0
0;52
79;147
180;202
211;184
161;98
61;0
0;0
0;0
0;0
0;0
0;0
0;78
107;165
189;203
211;182
159;94
38;0
0;0
0;0
0;0
0;0
0;48
87;152
184;201
216;180
157;92
38;0
0;0
0;0
0;0
0;0
0;38
78;143
182;204
212;185
159;100
50;0
0;0
0;0
0;0
0;0
0;0
3;89
117;172
208;205
209;175
160;96
63;0
0;0
0;0
0;0
0;0
0;0
34;113
151;192
210;200
188;136
93;44
0;0
0;0
0;0
0;0
0;2
37;116
154;192
210;198
186;132
91;21
0;0
0;0
0;0
0;0
0;0
0;64
92;156
187;211
211;178
152;89
49;0
0;0
0;0
0;0
0;0
0;0
5;90
115;173
195;204
211;176
149;81
31;0
0;0
0;0
0;0
0;0
0;59
96;160
191;204
209;174
147;79
28;0
0;0
0;0
0;0
0;0
0;51
92;154
191;204
211;179
154;88
38;0
0;0
0;0
0;0
0;0
0;0
18;100
128;178
200;205
208;170
151;85
48;0
0;0
0;0
0;0
0;0
0;10
47;124
152;195
212;195
180;125
81;9
0;0
0;0
0;0
0;0
0;13
50;126
163;195
212;194
179;122
85;5
0;0
0;0
0;0
0;0
0;0
0;76
105;163
195;205
211;171
143;76
35;0
0;0
0;0
0;0
0;0
0;0
18;101
130;180
200;205
204;161
130;60
5;0
0;0
0;0
0;0
0;0
0;82
120;175
201;204
204;161
126;56
1;0
0;0
0;0
0;0
0;0
0;47
90;155
199;204
210;181
156;88
38;0
0;0
0;0
0;0
0;0
0;0
20;100
129;178
199;205
207;170
151;84
46;0
0;0
0;0
0;0
0;0
0;24
56;134
170;199
213;191
173;115
69;9
0;0
0;0
0;0
0;0
0;26
64;134
171;199
212;190
171;112
66;0
0;0
0;0
0;0
0;0
0;0
0;77
104;164
192;205
208;176
142;74
35;0
0;0
0;0
0;0
0;0
0;0
27;103
141;183
207;202
195;144
106;34
0;0
0;0
0;0
0;0
0;0
22;105
144;187
209;201
193;142
103;31
0;0
0;0
0;0
0;0
0;0
0;64
90;155
186;203
210;178
154;87
36;0
0;0
0;0
0;0
0;0
0;0
18;101
129;178
199;205
207;170
150;83
34;0
0;0
0;0
0;0
0;0
0;59
99;161
191;204
209;175
148;82
28;0
0;0
0;0
0;0
0;0
0;63
102;162
192;204
212;172
145;78
15;0
0;0
0;0
0;0
0;0
0;7
30;110
139;184
209;202
200;156
139;62
21;0
0;0
0;0
0;0
0;0
0;36
72;142
177;201
213;187
167;101
56;0
0;0
0;0
0;0
0;0
0;38
76;145
179;203
214;185
164;97
52;0
0;0
0;0
0;0
0;0
0;0
15;103
137;183
207;202
196;141
109;39
0;0
0;0
0;0
0;0
0;0
0;41
58;131
158;191
210;200
189;137
95;23
0;0
0;0
0;0
0;0
0;1
33;115
153;191
214;199
187;131
91;19
0;0
0;0
0;0
0;0
0;0
0;84
125;177
202;207
194;157
123;58
0;0
0;0
0;0
0;0
0;0
0;31
51;131
161;194
209;199
197;146
120;49
6;0
0;0
0;0
0;0
0;0
0;58
99;154
190;204
210;174
147;81
30;0
0;0
0;0
0;0
0;0
0;62
101;161
191;205
209;173
145;76
25;0
0;0
0;0
0;0
0;0
0;17
41;119
157;193
211;198
184;129
85;13
0;0
0;0
0;0
0;0
0;0
0;56
84;150
175;201
204;192
174;116
69;0
0;0
0;0
0;0
0;0
0;14
67;135
170;199
212;190
173;113
66;0
0;0
0;0
0;0
0;0
0;16
52;129
164;197
211;194
180;120
76;3
0;0
0;0
0;0
0;0
0;0
0;72
95;157
182;203
212;189
176;116
85;13
0;0
0;0
0;0
0;0
0;0
18;104
142;185
207;202
194;143
105;33
0;0
0;0
0;0
0;0
0;0
25;108
145;188
208;201
191;141
102;29
0;0
0;0
0;0
0;0
0;0
0;53
79;148
180;201
209;183
161;101
46;0
0;0
0;0
0;0
0;0
0;0
15;91
121;173
192;205
207;169
139;71
17;0
0;0
0;0
0;0
0;0
0;71
110;168
196;205
207;167
136;68
14;0
0;0
0;0
0;0
0;0
0;63
95;163
193;205
208;172
143;77
25;0
0;0
0;0
0;0
0;0
0;8
30;111
139;184
203;204
204;163
141;71
33;0
0;0
0;0
0;0
0;0
0;22
57;134
169;202
213;192
175;115
69;0
0;0
0;0
0;0
0;0
0;26
64;136
170;199
212;191
172;107
65;0
0;0
0;0
0;0
0;0
0;0
2;87
115;171
198;205
205;164
137;63
22;0
0;0
0;0
0;0
0;0
0;9
33;112
139;185
196;204
205;162
129;55
21;0
0;0
0;0
0;0
0;0
0;84
114;175
201;205
203;160
122;56
1;0
0;0
0;0
0;0
0;0
0;74
114;174
197;205
206;165
134;65
11;0
0;0
0;0
0;0
0;0
0;18
43;120
149;190
210;201
197;147
120;51
8;0
0;0
0;0
0;0
0;0
0;16
68;133
169;198
212;192
174;115
69;0
0;0
0;0
0;0
0;0
0;26
63;136
171;203
209;190
175;112
66;0
0;0
0;0
0;0
0;0
0;0
1;87
115;171
199;204
205;164
132;63
9;0
0;0
0;0
0;0
0;0
0;9
32;112
138;185
204;198
204;163
130;72
18;0
0;0
0;0
0;0
0;0
0;66
111;168
198;205
206;167
137;68
14;0
0;0
0;0
0;0
0;0
0;69
116;170
197;205
206;165
135;65
11;0
0;0
0;0
0;0
0;0
0;19
44;120
160;190
209;198
195;145
120;50
7;0
0;0
0;0
0;0
0;0
0;35
72;142
178;207
212;187
166;104
56;0
0;0
0;0
0;0
0;0
0;37
77;146
178;202
212;185
164;110
52;0
0;0
0;0
0;0
0;0
0;0
15;112
147;184
205;202
196;147
110;46
0;0
0;0
0;0
0;0
0;0
0;34
57;132
166;195
212;199
195;145
107;33
0;0
0;0
0;0
0;0
0;0
23;105
143;184
208;204
202;144
104;32
0;0
0;0
0;0
0;0
0;0
13;97
138;183
206;203
197;149
112;41
0;0
0;0
0;0
0;0
0;0
0;43
69;140
165;200
213;198
188;137
110;37
0;0
0;0
0;0
0;0
0;0
0;58
97;159
190;204
210;175
148;83
31;0
0;0
0;0
0;0
0;0
0;62
101;161
192;205
208;174
146;79
25;0
0;0
0;0
0;0
0;0
0;19
42;123
156;193
211;197
185;129
84;13
0;0
0;0
0;0
0;0
0;0
0;56
82;150
183;201
208;192
175;123
70;0
0;0
0;0
0;0
0;0
0;25
62;135
170;199
212;191
173;113
67;0
0;0
0;0
0;0
0;0
0;11
52;128
164;208
221;195
178;118
77;3
0;0
0;0
0;0
0;0
0;0
0;67
95;156
183;203
213;188
176;122
84;11
0;0
0;0
0;0
0;0
0;0
0;81
121;174
200;205
202;160
128;58
4;0
0;0
0;0
0;0
0;0
0;86
124;176
202;205
202;158
124;48
0;0
0;0
0;0
0;0
0;0
0;29
41;130
165;198
216;192
177;106
71;1
0;0
0;0
0;0
0;0
0;0
0;69
96;158
182;203
212;184
167;105
57;0
0;0
0;0
0;0
0;0
0;46
75;144
178;201
212;186
165;102
54;0
0;0
0;0
0;0
0;0
0;27
66;138
171;195
213;190
171;102
62;0
0;0
0;0
0;0
0;0
0;0
0;79
110;165
195;204
210;178
161;96
58;0
0;0
0;0
0;0
0;0
0;0
32;114
152;191
210;199
188;134
94;20
0;0
0;0
0;0
0;0
0;3
38;114
137;192
211;201
186;132
89;8
0;0
0;0
0;0
0;0
0;0
0;65
93;156
188;204
210;178
154;86
48;0
0;0
0;0
0;0
0;0
0;0
8;92
121;173
193;205
207;166
139;71
14;0
0;0
0;0
0;0
0;0
0;77
112;168
197;205
206;167
138;68
14;0
0;0
0;0
0;0
0;0
0;53
91;155
187;204
211;178
150;87
37;0
0;0
0;0
0;0
0;0
0;0
18;101
129;178
200;204
207;171
150;86
44;0
0;0
0;0
0;0
0;0
0;23
61;135
170;199
212;191
173;114
67;0
0;0
0;0
0;0
0;0
0;27
64;135
172;199
212;189
172;111
64;0
0;0
0;0
0;0
0;0
0;0
2;89
117;172
199;205
205;163
132;42
21;0
0;0
0;0
0;0
0;0
0;10
33;113
141;185
208;202
194;143
105;33
0;0
0;0
0;0
0;0
0;0
24;106
144;186
208;197
193;142
102;30
0;0
0;0
0;0
0;0
0;0
0;76
116;169
200;205
205;161
133;64
9;0
0;0
0;0
0;0
0;0
0;22
44;122
152;189
207;202
199;154
130;60
19;0
0;0
0;0
0;0
0;0
0;59
95;158
191;205
208;174
146;80
28;0
0;0
0;0
0;0
0;0
0;62
102;162
193;204
209;172
144;77
24;0
0;0
0;0
0;0
0;0
0;7
30;111
134;184
207;201
196;146
109;37
0;0
0;0
0;0
0;0
0;0
0;33
79;142
177;201
204;187
166;104
56;0
0;0
0;0
0;0
0;0
0;38
76;145
178;201
222;186
163;101
41;0
0;0
0;0
0;0
0;0
0;0
15;100
137;184
207;202
196;148
109;39
0;0
0;0
0;0
0;0
0;0
0;44
71;136
168;212
211;195
189;137
107;28
0;0
0;0
0;0
0;0
0;0
16;105
143;187
209;201
193;142
103;31
0;0
0;0
0;0
0;0
0;0
20;108
147;189
198;201
191;144
100;28
0;0
0;0
0;0
0;0
0;0
0;55
81;149
174;201
213;195
177;115
81;12
0;0
0;0
0;0
0;0
0;0
0;70
109;166
196;205
207;170
138;70
16;0
0;0
0;0
0;0
0;0
0;73
112;169
197;205
205;166
135;65
6;0
0;0
0;0
0;0
0;0
0;30
54;130
165;199
212;194
177;122
74;1
0;0
0;0
0;0
0;0
0;0
0;71
94;158
179;202
212;188
175;116
83;10
0;0
0;0
0;0
0;0
0;13
50;121
162;196
212;195
180;123
79;6
0;0
0;0
0;0
0;0
0;18
52;128
165;197
213;194
178;120
75;3
0;0
0;0
0;0
0;0
0;0
0;69
95;157
188;203
218;189
173;117
85;12
0;0
0;0
0;0
0;0
0;0
0;68
109;167
196;204
207;168
139;69
16;0
0;0
0;0
0;0
0;0
0;65
113;169
197;204
206;167
134;65
16;0
0;0
0;0
0;0
0;0
0;29
56;130
166;200
209;193
177;119
74;1
0;0
0;0
0;0
0;0
0;0
0;68
96;158
183;204
212;188
175;115
70;0
0;0
delay,correlation
highshift: (milli*1000)205
highr: (*1000)972
84;11
0;0
0;0
0;0
0;0
0;0
0;71
109;167
196;210
207;167
137;68
16;0
0;0
0;0
0;0
0;0
0;74
114;169
198;205
206;165
133;66
11;0
0;0
0;0
0;0
0;0
0;30
53;130
165;197
217;193
177;119
76;1
0;0
0;0
0;0
0;0
0;0
0;69
96;159
184;200
212;184
174;116
71;0
0;0
0;0
0;0
0;0
0;27
62;135
170;199
213;190
172;112
66;0
0;0
0;0
0;0
0;0
0;16
53;133
157;197
212;192
175;119
76;1
0;0
0;0
0;0
0;0
0;0
0;67
95;158
183;203
212;188
175;117
84;11
0;0
0;0
0;0
0;0
0;0
0;82
122;174
201;204
205;159
127;57
6;0
0;0
0;0
0;0
0;0
0;84
134;177
202;204
201;157
124;51
0;0
0;0
0;0
0;0
0;0
0;30
56;130
160;198
213;193
176;118
73;0
0;0
0;0
0;0
0;0
0;0
0;69
87;159
183;203
214;181
158;93
43;0
0;0
0;0
0;0
0;0
0;49
88;153
185;203
211;180
159;90
38;0
0;0
0;0
0;0
0;0
0;12
55;129
165;203
212;194
178;119
74;2
0;0
0;0
0;0
0;0
0;0
0;70
95;159
183;203
213;190
174;116
83;11
0;0
0;0
0;0
0;0
0;0
23;105
144;187
210;201
193;143
104;32
0;0
0;0
0;0
0;0
0;0
25;108
145;179
209;201
189;140
100;32
0;0
0;0
0;0
0;0
0;0
0;55
82;149
178;201
213;188
178;110
85;11
0;0
0;0
0;0
0;0
0;0
0;58
99;160
189;202
209;175
150;81
30;0
0;0
0;0
0;0
0;0
0;66
101;161
196;205
209;172
139;78
25;0
0;0
0;0
0;0
0;0
0;18
42;120
160;194
212;197
184;128
86;14
0;0
0;0
0;0
0;0
0;0
0;56
84;151
180;201
212;192
182;125
81;9
0;0
0;0
0;0
0;0
0;12
50;126
162;196
212;195
180;122
78;5
0;0
0;0
0;0
0;0
0;20
66;129
164;196
212;194
180;120
75;3
0;0
0;0
0;0
0;0
0;0
0;68
95;158
183;207
212;187
178;116
83;10
0;0
0;0
0;0
0;0
0;0
8;93
132;183
203;203
198;151
113;44
0;0
0;0
0;0
0;0
0;0
12;97
136;182
206;202
195;149
113;41
0;0
0;0
0;0
0;0
0;0
0;43
69;142
174;200
212;188
169;108
61;0
0;0
0;0
0;0
0;0
0;0
0;82
110;167
195;204
209;175
148;81
29;0
0;0
0;0
0;0
0;0
0;61
101;161
192;204
209;173
146;78
25;0
0;0
0;0
0;0
0;0
0;41
79;148
181;202
212;184
162;98
47;0
0;0
0;0
0;0
0;0
0;0
5;91
119;173
195;204
210;175
158;94
69;0
0;0
0;0
0;0
0;0
0;32
62;135
170;199
212;191
173;113
66;0
0;0
0;0
0;0
0;0
0;28
70;138
172;201
211;189
171;114
65;0
0;0
0;0
0;0
0;0
0;0
4;88
116;173
203;207
205;166
135;61
19;0
0;0
0;0
0;0
0;0
0;13
34;114
152;191
210;199
191;134
94;24
0;0
0;0
0;0
0;0
0;3
38;117
154;192
213;198
187;127
90;17
0;0
0;0
0;0
0;0
0;0
0;65
92;156
187;204
211;177
151;86
34;0
0;0
0;0
0;0
0;0
0;0
19;102
130;181
200;204
204;169
150;82
51;0
0;0
0;0
0;0
0;0
0;46
88;153
185;203
211;180
156;91
40;0
0;0
0;0
0;0
0;0
0;53
91;167
187;204
216;178
153;92
36;0
0;0
0;0
0;0
0;0
0;0
18;100
130;179
204;204
204;162
138;72
32;0
0;0
0;0
0;0
0;0
0;12
48;124
161;199
207;195
180;127
82;8
0;0
0;0
0;0
0;0
0;15
54;127
163;196
212;194
178;121
79;5
0;0
0;0
0;0
0;0
0;0
0;79
105;164
194;205
209;171
142;68
33;0
0;0
0;0
0;0
0;0
0;0
21;102
131;188
200;204
207;167
138;70
11;0
0;0
0;0
0;0
0;0
0;72
113;163
197;205
206;166
134;67
13;0
0;0
0;0
0;0
0;0
0;53
93;155
187;204
209;172
153;86
35;0
0;0
0;0
0;0
0;0
0;0
18;102
136;179
200;205
207;170
150;84
46;0
0;0
0;0
0;0
0;0
0;20
63;135
170;178
212;191
173;113
66;0
0;0
0;0
0;0
0;0
0;27
62;137
172;200
212;183
170;108
63;0
0;0
0;0
0;0
0;0
0;0
0;78
106;165
188;205
208;170
150;84
47;0
0;0
0;0
0;0
0;0
0;0
8;93
132;180
205;203
199;151
116;44
0;0
0;0
0;0
0;0
0;0
16;96
135;183
202;203
197;149
113;42
0;0
0;0
0;0
0;0
0;0
0;54
80;149
185;203
212;181
160;96
46;0
0;0
0;0
0;0
0;0
0;0
6;97
120;173
196;205
209;174
149;80
30;0
0;0
0;0
0;0
0;0
0;61
100;161
191;205
209;168
145;78
26;0
0;0
0;0
0;0
0;0
0;37
79;148
182;202
212;183
161;95
51;0
0;0
0;0
0;0
0;0
0;0
5;84
119;173
194;205
210;176
157;93
57;0
0;0
0;0
0;0
0;0
0;12
46;126
162;194
212;195
180;123
79;7
0;0
0;0
0;0
0;0
0;20
53;128
163;196
212;199
178;120
76;3
0;0
0;0
0;0
0;0
0;0
0;66
94;156
188;204
210;177
150;86
46;0
0;0
0;0
0;0
0;0
0;0
7;87
121;174
196;205
207;168
138;70
15;0
0;0
0;0
0;0
0;0
0;74
116;169
197;207
205;167
137;66
12;0
0;0
0;0
0;0
0;0
0;44
66;139
173;201
213;189
168;108
61;0
0;0
0;0
0;0
0;0
0;0
0;80
108;162
193;205
211;179
166;114
69;0
0;0
0;0
0;0
0;0
0;25
63;135
171;199
212;194
172;112
66;0
0;0
0;0
0;0
0;0
0;29
68;129
175;200
212;189
170;109
62;0
0;0
0;0
0;0
0;0
0;0
0;79
121;166
195;207
210;180
159;95
58;0
0;0
0;0
0;0
0;0
0;0
17;104
142;191
208;202
192;142
104;32
0;0
0;0
0;0
0;0
0;0
24;108
146;186
209;199
191;140
100;29
0;0
0;0
0;0
0;0
0;0
0;55
83;149
181;203
212;182
160;96
60;0
0;0
0;0
0;0
0;0
0;0
0;80
109;166
190;204
209;175
145;81
29;0
0;0
0;0
0;0
0;0
0;62
102;162
192;204
209;173
145;78
25;0
0;0
0;0
0;0
0;0
0;30
68;138
173;200
212;189
169;109
56;0
0;0
0;0
0;0
0;0
0;0
0;81
108;166
190;204
212;182
167;105
70;0
0;0
0;0
0;0
0;0
0;1
28;116
153;191
210;198
187;130
81;19
0;0
0;0
0;0
0;0
0;5
38;118
155;191
211;197
185;130
85;15
0;0
0;0
0;0
0;0
0;0
0;67
95;157
186;204
210;172
149;84
46;0
0;0
0;0
0;0
0;0
0;0
8;93
105;174
200;204
203;160
127;58
2;0
0;0
0;0
0;0
0;0
0;85
123;176
202;204
203;158
125;54
0;0
0;0
0;0
0;0
0;0
0;53
93;150
187;204
210;178
152;86
34;0
0;0
0;0
0;0
0;0
0;0
15;102
132;181
200;205
216;169
148;83
42;0
0;0
0;0
0;0
0;0
0;37
75;144
178;202
212;185
164;103
57;0
0;0
0;0
0;0
0;0
0;40
77;147
180;203
214;185
162;97
49;0
0;0
0;0
0;0
0;0
0;0
4;90
118;172
200;205
203;162
130;65
19;0
0;0
0;0
0;0
0;0
0;11
35;115
151;194
210;199
188;132
91;20
0;0
0;0
0;0
0;0
0;3
36;117
154;192
212;198
186;119
86;16
0;0
0;0
0;0
0;0
0;0
0;78
105;165
194;205
207;170
142;75
21;0
0;0
0;0
0;0
0;0
0;11
33;112
141;186
200;204
205;161
138;70
30;0
0;0
0;0
0;0
0;0
0;61
100;162
196;205
209;172
145;79
25;0
0;0
0;0
0;0
0;0
0;66
105;163
193;204
204;171
142;72
22;0
0;0
0;0
0;0
0;0
0;8
32;102
140;176
204;204
200;148
129;63
18;0
0;0
0;0
0;0
0;0
0;24
62;134
170;199
212;191
173;113
67;0
0;0
0;0
0;0
0;0
0;26
64;137
172;199
212;190
155;110
63;0
0;0
0;0
0;0
0;0
0;0
4;89
118;173
199;205
206;163
130;59
20;0
0;0
0;0
0;0
0;0
0;11
34;114
141;186
205;214
198;152
116;46
0;0
0;0
0;0
0;0
0;0
11;95
132;182
206;205
198;149
113;41
0;0
0;0
0;0
0;0
0;0
0;77
116;160
199;205
202;163
132;62
9;0
0;0
0;0
0;0
0;0
0;21
48;123
150;190
208;199
198;158
129;58
28;0
0;0
0;0
0;0
0;0
0;60
100;161
191;204
209;168
146;79
26;0
0;0
0;0
0;0
0;0
0;64
102;167
193;205
208;172
143;77
23;0
0;0
0;0
0;0
0;0
0;8
32;111
149;192
210;201
195;146
108;35
0;0
0;0
0;0
0;0
0;0
0;36
74;142
178;201
211;186
165;103
55;0
0;0
0;0
0;0
0;0
0;41
80;146
180;202
212;187
163;100
50;0
0;0
0;0
0;0
0;0
0;0
16;99
138;184
207;202
196;146
108;38
0;0
0;0
0;0
0;0
0;0
0;46
73;142
168;198
215;195
188;135
93;27
0;0
0;0
0;0
0;0
0;2
37;117
154;190
209;198
186;133
90;18
0;0
0;0
0;0
0;0
0;14
42;120
164;193
211;202
184;129
79;15
0;0
0;0
0;0
0;0
0;0
0;78
97;158
180;203
212;188
175;116
82;10
0;0
0;0
0;0
0;0
0;0
9;94
133;181
205;203
198;151
102;43
0;0
0;0
0;0
0;0
0;0
17;97
136;183
207;203
196;148
111;40
0;0
0;0
0;0
0;0
0;0
0;43
73;141
174;201
216;189
168;106
58;0
0;0
0;0
0;0
0;0
0;0
0;78
109;168
196;205
207;159
137;69
15;0
0;0
0;0
0;0
0;0
0;74
113;170
196;205
205;163
136;66
11;0
0;0
0;0
0;0
0;0
0;42
68;139
170;200
213;188
169;105
59;0
0;0
0;0
0;0
0;0
0;0
0;81
107;163
190;205
210;182
166;104
69;0
0;0
0;0
0;0
0;0
0;14
50;125
163;196
205;195
179;129
77;5
0;0
0;0
0;0
0;0
0;17
54;129
166;197
212;194
177;109
74;2
0;0
0;0
0;0
0;0
0;0
0;66
96;158
183;204
213;187
176;117
84;6
0;0
0;0
0;0
0;0
0;0
0;71
111;168
197;205
206;167
137;68
14;0
0;0
0;0
0;0
0;0
0;75
114;169
206;206
205;164
133;64
11;0
0;0
0;0
0;0
0;0
0;31
58;131
167;196
212;193
176;117
72;0
0;0
0;0
0;0
0;0
0;0
0;69
97;159
182;203
211;186
174;114
83;8
0;0
0;0
0;0
0;0
0;14
53;126
162;196
212;194
179;121
81;5
0;0
0;0
0;0
0;0
0;17
55;129
162;196
211;206
190;119
74;2
0;0
0;0
0;0
0;0
0;0
0;69
98;159
184;202
214;187
175;116
85;10
0;0
0;0
0;0
0;0
0;0
0;72
110;168
197;205
206;167
137;68
14;0
0;0
0;0
0;0
0;0
0;75
112;172
198;204
206;165
134;64
10;0
0;0
0;0
0;0
0;0
0;31
56;131
166;200
213;193
177;117
72;0
0;0
0;0
0;0
0;0
0;0
0;70
101;160
185;203
225;187
167;103
55;0
0;0
0;0
0;0
0;0
0;38
77;145
178;202
211;185
163;100
53;0
0;0
0;0
0;0
0;0
0;30
68;139
174;199
212;188
168;108
60;0
0;0
0;0
0;0
0;0
0;0
0;80
108;166
190;200
212;182
167;105
70;0
0;0
0;0
0;0
0;0
0;0
24;105
144;187
208;201
192;142
99;31
0;0
0;0
0;0
0;0
0;0
28;104
147;188
209;201
191;139
103;28
0;0
0;0
0;0
0;0
0;0
0;56
83;149
181;202
212;182
158;96
59;0
0;0
0;0
0;0
0;0
0;0
0;82
107;168
192;205
209;176
147;81
28;0
0;0
0;0
0;0
0;0
0;64
102;162
194;205
208;173
145;78
25;0
0;0
0;0
0;0
0;0
0;34
56;130
166;197
212;193
177;118
73;0
0;0
0;0
0;0
0;0
0;0
0;70
86;159
183;203
212;187
175;115
82;1
0;0
0;0
0;0
0;0
0;0
24;106
144;187
208;201
191;141
101;29
0;0
0;0
0;0
0;0
0;0
28;110
146;189
209;200
191;138
95;25
0;0
0;0
0;0
0;0
0;0
0;56
82;149
176;209
211;188
168;105
58;0
0;0
0;0
0;0
0;0
0;0
0;83
123;175
201;203
203;160
126;56
1;0
0;0
0;0
0;0
0;0
0;85
125;176
203;204
202;158
112;52
0;0
0;0
0;0
0;0
0;0
0;53
69;140
174;200
212;188
169;106
77;0
0;0
0;0
0;0
0;0
0;0
0;81
108;167
190;204
212;181
166;104
69;0
0;0
0;0
0;0
0;0
0;23
61;136
171;200
213;190
170;109
65;0
0;0
0;0
0;0
0;0
0;29
68;139
174;200
215;189
169;108
61;0
0;0
0;0
0;0
0;0
0;0
0;80
106;167
196;205
209;169
149;83
45;0
0;0
0;0
0;0
0;0
0;0
23;106
143;186
208;201
193;141
103;33
0;0
0;0
0;0
0;0
0;0
27;108
146;189
207;200
191;139
101;28
0;0
0;0
0;0
0;0
0;0
0;55
87;150
182;203
211;182
159;96
44;0
0;0
0;0
0;0
0;0
0;0
8;93
120;174
194;204
209;175
148;81
43;0
0;0
0;0
0;0
0;0
0;62
101;163
192;204
208;166
145;78
26;0
0;0
0;0
0;0
0;0
0;53
93;156
189;204
210;177
152;86
35;0
0;0
0;0
0;0
0;0
0;0
19;102
131;180
206;204
205;161
139;71
31;0
0;0
0;0
0;0
0;0
0;13
50;126
162;196
212;195
180;123
79;7
0;0
0;0
0;0
0;0
0;16
54;131
164;197
212;201
178;119
75;2
0;0
0;0
0;0
0;0
0;0
0;79
117;165
194;216
207;169
142;72
40;0
0;0
0;0
0;0
0;0
0;0
22;104
133;181
201;209
203;159
126;57
1;0
0;0
0;0
0;0
0;0
0;85
124;177
202;204
202;160
121;53
0;0
0;0
0;0
0;0
0;0
0;66
106;175
194;205
208;171
141;74
21;0
0;0
0;0
0;0
0;0
0;11
20;114
139;185
204;204
209;160
139;70
30;0
0;0
0;0
0;0
0;0
0;49
88;153
184;203
210;179
155;90
39;0
0;0
0;0
0;0
0;0
0;52
91;155
185;203
211;177
152;87
35;0
0;0
0;0
0;0
0;0
0;8
32;110
151;190
210;201
190;135
106;35
0;0
0;0
0;0
0;0
0;0
0;36
62;136
171;199
212;191
173;113
67;0
0;0
0;0
0;0
0;0
0;28
65;136
172;200
213;193
168;110
63;0
0;0
0;0
0;0
0;0
0;0
4;94
118;173
199;199
204;163
135;60
6;0
0;0
0;0
0;0
0;0
0;23
48;124
151;191
207;201
199;152
128;58
16;0
0;0
0;0
0;0
0;0
0;74
119;169
196;204
205;163
135;66
12;0
0;0
0;0
0;0
0;0
0;76
114;171
198;207
205;163
130;63
8;0
0;0
0;0
0;0
0;0
0;21
45;120
150;191
210;199
189;135
106;35
0;0
0;0
0;0
0;0
0;0
0;49
87;153
185;203
211;180
155;91
42;0
0;0
0;0
0;0
0;0
0;52
91;165
187;204
213;176
153;88
35;0
0;0
0;0
0;0
0;0
0;8
30;109
145;189
210;202
190;137
96;25
0;0
0;0
0;0
0;0
0;0
0;47
65;143
166;199
212;195
188;133
93;20
0;0
0;0
0;0
0;0
0;3
38;117
153;192
210;198
186;131
88;17
0;0
0;0
0;0
0;0
0;0
16;99
136;184
207;203
196;146
109;35
0;0
0;0
0;0
0;0
0;0
0;45
72;142
168;199
212;196
189;135
97;35
0;0
0;0
0;0
0;0
0;0
0;49
88;153
184;203
210;180
155;91
40;0
0;0
0;0
0;0
0;0
0;51
91;155
191;204
210;178
150;88
36;0
0;0
0;0
0;0
0;0
0;9
31;111
149;190
206;199
190;134
96;23
0;0
0;0
0;0
0;0
0;0
0;49
74;144
170;204
211;195
180;124
80;7
0;0
0;0
0;0
0;0
0;15
52;136
164;196
212;197
178;121
76;0
0;0
0;0
0;0
0;0
0;7
30;112
148;189
209;205
189;137
98;19
0;0
0;0
0;0
0;0
0;0
0;57
85;151
176;202
212;191
182;125
95;17
0;0
0;0
0;0
0;0
0;0
0;84
123;176
201;205
203;158
120;55
0;0
0;0
0;0
0;0
0;0
1;87
126;177
203;204
201;154
122;51
0;0
0;0
0;0
0;0
0;0
0;32
58;133
167;197
212;185
175;116
71;0
0;0
0;0
0;0
0;0
0;0
0;71
102;160
183;203
222;186
165;103
54;0
0;0
0;0
0;0
0;0
0;39
78;146
180;202
212;185
163;100
50;0
0;0
0;0
0;0
0;0
0;31
70;140
173;201
212;188
169;107
60;0
0;0
0;0
0;0
0;0
0;0
0;81
109;167
190;205
211;182
166;106
81;0
0;0
0;0
0;0
0;0
0;2
37;113
153;192
210;198
186;131
90;18
0;0
0;0
0;0
0;0
0;6
46;120
156;194
211;197
188;129
87;15
0;0
0;0
0;0
0;0
0;0
0;68
96;161
188;204
209;177
145;83
43;0
0;0
0;0
0;0
0;0
0;0
9;94
134;174
201;204
203;160
113;55
0;0
0;0
0;0
0;0
0;0
0;85
125;175
202;204
203;158
122;30
0;0
0;0
0;0
0;0
0;0
0;67
90;159
189;205
210;177
151;83
33;0
0;0
0;0
0;0
0;0
0;0
19;103
133;180
202;204
206;168
148;81
42;0
0;0
0;0
0;0
0;0
0;38
77;145
176;202
212;185
165;101
51;0
0;0
0;0
0;0
0;0
0;44
78;148
181;203
211;184
161;97
48;0
0;0
0;0
0;0
0;0
0;0
6;91
119;173
200;205
204;160
128;59
17;0
0;0
0;0
0;0
0;0
0;12
35;115
153;191
210;198
188;141
91;18
0;0
0;0
0;0
0;0
0;5
39;115
155;193
211;198
185;130
85;15
0;0
0;0
0;0
0;0
0;0
0;67
76;157
189;206
211;177
149;84
33;0
0;0
0;0
0;0
0;0
0;0
17;104
132;181
201;205
206;168
148;81
42;0
0;0
0;0
0;0
0;0
0;48
71;155
186;212
211;179
157;89
38;0
0;0
0;0
0;0
0;0
0;53
82;156
188;204
209;177
151;87
37;0
0;0
0;0
0;0
0;0
0;0
20;102
131;180
204;203
200;153
128;59
17;0
0;0
0;0
0;0
0;0
0;25
63;135
170;199
213;189
181;112
65;0
0;0
0;0
0;0
0;0
0;28
62;139
176;206
212;189
168;109
62;0
0;0
0;0
0;0
0;0
0;0
9;90
119;173
200;204
204;160
129;60
19;0
0;0
0;0
0;0
0;0
0;12
35;114
143;183
204;203
198;151
115;44
0;0
0;0
0;0
0;0
0;0
13;97
136;183
206;204
197;149
112;40
0;0
0;0
0;0
0;0
0;0
0;78
117;172
199;207
204;163
131;61
8;0
0;0
0;0
0;0
0;0
0;23
47;124
151;191
208;201
199;152
127;57
11;0
0;0
0;0
0;0
0;0
0;62
100;162
192;204
209;173
145;78
26;0
0;0
0;0
0;0
0;0
0;67
107;165
194;205
208;171
142;74
21;0
0;0
0;0
0;0
0;0
0;22
46;122
150;190
209;200
189;148
96;22
0;0
0;0
0;0
0;0
0;0
0;49
88;153
185;204
211;180
156;91
40;0
0;0
0;0
0;0
0;0
0;50
90;155
186;205
208;178
153;88
36;0
0;0
0;0
0;0
0;0
0;32
41;131
167;198
212;188
175;117
71;0
0;0
0;0
0;0
0;0
0;0
0;71
98;157
184;206
212;186
171;113
80;8
0;0
0;0
0;0
0;0
0;15
53;128
152;197
212;194
177;121
55;4
0;0
0;0
0;0
0;0
0;25
61;130
164;197
212;193
177;117
75;1
0;0
0;0
0;0
0;0
0;0
0;69
94;159
183;203
212;187
167;104
69;0
0;0
0;0
0;0
0;0
0;0
0;83
123;175
201;204
193;159
126;55
0;0
0;0
0;0
0;0
0;0
1;87
126;177
203;204
201;157
122;52
0;0
0;0
0;0
0;0
0;0
0;32
59;132
166;198
213;193
178;116
71;0
0;0
0;0
0;0
0;0
0;0
0;58
98;160
184;205
213;186
174;115
80;7
0;0
0;0
0;0
0;0
0;15
52;126
164;196
212;194
179;120
76;5
0;0
0;0
0;0
0;0
0;19
54;128
166;197
212;195
177;119
73;1
0;0
0;0
0;0
0;0
0;0
0;70
97;159
184;203
212;181
167;103
69;0
0;0
0;0
0;0
0;0
0;0
0;84
124;176
201;204
204;168
126;55
0;0
0;0
0;0
0;0
0;0
1;90
126;177
203;204
201;154
120;52
0;0
0;0
0;0
0;0
0;0
0;44
71;141
175;201
212;189
167;106
58;0
0;0
0;0
0;0
0;0
0;0
0;82
103;167
191;205
208;181
165;103
68;0
0;0
0;0
0;0
0;0
0;28
65;136
172;199
212;190
170;110
64;0
0;0
0;0
0;0
0;0
0;31
67;140
174;202
212;188
169;107
60;0
0;0
0;0
0;0
0;0
0;0
0;81
117;166
196;205
208;170
148;82
43;0
0;0
0;0
0;0
0;0
0;0
23;106
143;188
209;201
193;141
104;31
0;0
0;0
0;0
0;0
0;0
27;110
146;188
207;201
192;139
100;29
0;0
0;0
0;0
0;0
0;0
0;55
82;150
185;203
211;182
160;95
46;0
0;0
0;0
0;0
0;0
0;0
9;93
121;175
196;204
209;175
157;92
55;0
0;0
0;0
0;0
0;0
0;32
65;137
174;200
213;192
173;111
64;0
0;0
0;0
0;0
0;0
0;30
68;150
174;200
212;183
165;108
61;0
0;0
0;0
0;0
0;0
0;0
0;80
107;166
202;205
207;171
140;71
29;0
0;0
0;0
0;0
0;0
0;1
23;105
143;187
208;201
193;144
103;31
0;0
0;0
0;0
0;0
0;0
27;108
147;188
209;200
191;139
99;27
0;0
0;0
0;0
0;0
0;0
0;79
106;166
194;204
207;167
138;73
19;0
0;0
0;0
0;0
0;0
0;14
35;115
142;186
204;204
203;162
137;69
28;0
0;0
0;0
0;0
0;0
0;50
89;155
186;204
210;179
154;89
38;0
0;0
0;0
0;0
0;0
0;54
97;157
187;208
211;178
151;85
34;0
0;0
0;0
0;0
0;0
0;0
18;102
141;185
208;202
194;145
105;34
0;0
0;0
0;0
0;0
0;0
0;37
63;135
170;199
212;191
172;116
66;0
0;0
0;0
0;0
0;0
0;28
67;138
173;198
213;189
170;109
62;0
0;0
0;0
0;0
0;0
0;8
34;111
149;190
214;200
188;136
96;24
0;0
0;0
0;0
0;0
0;0
0;47
74;143
169;202
212;195
186;134
105;33
0;0
0;0
0;0
0;0
0;0
0;85
124;176
201;204
201;158
124;56
0;0
0;0
0;0
0;0
0;0
3;87
128;178
203;204
201;156
118;50
0;0
0;0
0;0
0;0
0;0
0;43
61;130
160;194
211;196
182;125
63;10
0;0
0;0
0;0
0;0
0;0
0;60
88;152
178;201
211;186
165;102
53;0
0;0
0;0
0;0
0;0
0;38
90;147
181;203
207;184
162;98
49;0
0;0
0;0
0;0
0;0
0;31
71;140
175;200
218;188
168;121
59;0
0;0
0;0
0;0
0;0
0;0
0;82
120;167
188;205
210;180
163;103
68;0
0;0
0;0
0;0
0;0
0;2
39;117
153;192
211;197
185;131
90;18
0;0
0;0
0;0
0;0
0;6
42;121
156;193
211;193
184;128
86;13
0;0
0;0
0;0
0;0
0;0
0;69
86;160
183;203
211;182
158;94
57;0
0;0
0;0
0;0
0;0
0;0
0;84
111;166
197;205
206;167
136;67
13;0
0;0
0;0
0;0
0;0
0;75
116;170
198;205
205;165
133;64
9;0
0;0
0;0
0;0
0;0
0;44
83;150
182;203
211;182
159;94
42;0
0;0
0;0
0;0
0;0
0;0
9;93
122;175
196;205
209;174
156;92
55;0
0;0
0;0
0;0
0;0
0;27
65;137
172;199
213;190
171;105
64;0
0;0
0;0
0;0
0;0
0;15
68;140
174;200
212;188
169;109
60;0
0;0
0;0
0;0
0;0
0;0
0;80
109;166
196;205
207;169
158;82
43;0
0;0
0;0
0;0
0;0
0;0
25;106
144;187
208;200
197;141
102;24
0;0
0;0
0;0
0;0
0;0
28;109
147;189
209;200
190;139
100;26
0;0
0;0
0;0
0;0
0;0
0;56
86;150
183;199
211;182
159;95
58;0
0;0
0;0
0;0
0;0
0;0
0;83
111;168
191;204
211;180
164;101
52;0
0;0
0;0
0;0
0;0
0;40
78;146
181;201
212;184
162;99
39;0
0;0
0;0
0;0
0;0
0;43
80;150
182;205
211;182
160;95
47;0
0;0
0;0
0;0
0;0
0;0
7;93
121;174
197;207
210;175
157;92
54;0
0;0
0;0
0;0
0;0
0;2
38;117
154;194
211;197
186;131
90;17
0;0
0;0
0;0
0;0
0;6
32;120
158;193
212;197
182;129
85;14
0;0
0;0
0;0
0;0
0;0
0;68
96;159
190;203
207;176
149;97
45;0
0;0
0;0
0;0
delay,correlation
highshift: (milli*1000)-160
highr: (*1000)972
0;0
0;0
0;0
0;0
0;60
86;141
176;205
213;193
181;124
93;20
0;0
0;0
0;0
0;0
0;0
0;85
128;176
202;204
205;158
124;54
0;0
0;0
0;0
0;0
0;0
2;88
127;178
203;205
199;155
120;50
0;0
0;0
0;0
0;0
0;0
0;34
59;133
168;198
212;192
169;115
69;0
0;0
0;0
0;0
0;0
0;0
0;72
100;161
185;203
211;180
155;91
40;0
0;0
0;0
0;0
0;0
0;54
92;156
188;204
210;184
152;87
35;0
0;0
0;0
0;0
0;0
0;21
57;131
167;198
212;191
176;116
71;0
0;0
0;0
0;0
0;0
0;0
0;71
99;164
185;203
212;186
173;113
80;7
0;0
0;0
0;0
0;0
0;0
26;107
146;188
209;200
191;140
98;29
0;0
0;0
0;0
0;0
0;0
30;111
148;189
209;200
192;137
97;26
0;0
0;0
0;0
0;0
0;0
0;58
85;151
177;204
213;187
167;103
69;0
0;0
0;0
0;0
0;0
0;0
0;76
113;169
198;205
205;166
135;67
5;0
0;0
0;0
0;0
0;0
0;76
112;171
199;204
205;164
139;63
8;0
0;0
0;0
0;0
0;0
0;34
59;132
168;198
205;192
174;116
72;0
0;0
0;0
0;0
0;0
0;0
0;72
99;161
185;203
212;186
173;113
67;0
0;0
0;0
0;0
0;0
0;15
78;137
172;200
212;189
170;110
62;0
0;0
0;0
0;0
0;0
0;20
57;131
167;197
212;193
176;116
71;0
0;0
0;0
0;0
0;0
0;0
0;69
98;160
187;204
212;185
172;114
81;8
0;0
0;0
0;0
0;0
0;0
0;85
124;176
204;204
202;157
125;54
0;0
0;0
0;0
0;0
0;0
2;89
128;178
204;204
200;155
121;50
0;0
0;0
0;0
0;0
0;0
0;34
61;133
169;198
212;192
181;115
70;0
0;0
0;0
0;0
0;0
0;0
0;72
100;160
189;204
212;185
172;101
53;0
0;0
0;0
0;0
0;0
0;41
79;147
181;202
211;184
162;97
49;0
0;0
0;0
0;0
0;0
0;9
32;112
150;190
209;199
189;136
95;22
0;0
0;0
0;0
0;0
0;0
0;48
75;144
170;199
212;195
187;133
104;32
0;0
0;0
0;0
0;0
0;0
15;97
135;182
216;202
197;149
119;41
0;0
0;0
0;0
0;0
0;0
17;100
139;184
207;203
195;146
109;37
0;0
0;0
0;0
0;0
0;0
0;46
74;143
168;197
213;192
172;115
77;8
0;0
0;0
0;0
0;0
0;0
0;62
101;162
193;205
210;173
145;81
25;0
0;0
0;0
0;0
0;0
0;65
104;164
194;207
208;171
142;74
21;0
0;0
0;0
0;0
0;0
0;21
45;123
159;197
212;196
182;126
83;9
0;0
0;0
0;0
0;0
0;0
0;60
87;153
178;201
211;190
181;124
91;18
0;0
0;0
0;0
0;0
0;3
40;118
156;193
211;197
183;130
88;16
0;0
0;0
0;0
0;0
0;13
44;122
157;194
211;196
184;127
86;11
0;0
0;0
0;0
0;0
0;0
0;71
101;160
185;204
211;186
173;114
80;8
0;0
0;0
0;0
0;0
0;0
0;85
125;175
202;204
201;158
124;52
0;0
0;0
0;0
0;0
0;0
4;88
128;175
204;204
201;155
119;50
0;0
0;0
0;0
0;0
0;0
0;34
60;131
164;198
213;190
174;115
72;0
0;0
0;0
0;0
0;0
0;0
0;74
103;161
184;204
211;182
154;89
43;0
0;0
0;0
0;0
0;0
0;53
92;153
187;204
206;177
152;87
35;0
0;0
0;0
0;0
0;0
0;26
59;132
168;198
212;192
178;116
71;0
0;0
0;0
0;0
0;0
0;0
0;71
99;160
184;203
212;186
173;113
80;7
0;0
0;0
0;0
0;0
0;5
39;118
156;193
211;198
185;129
88;16
0;0
0;0
0;0
0;0
0;7
43;121
155;193
211;197
183;127
84;12
0;0
0;0
0;0
0;0
0;0
0;70
98;160
185;203
212;181
166;102
68;0
0;0
0;0
0;0
0;0
0;0
0;85
126;176
202;204
202;158
124;54
0;0
0;0
0;0
0;0
0;0
3;87
126;178
203;205
201;156
118;50
0;0
0;0
0;0
0;0
0;0
0;33
59;133
169;198
213;191
175;115
70;0
0;0
0;0
0;0
0;0
0;0
0;72
100;161
186;203
211;185
165;101
53;0
0;0
0;0
0;0
0;0
0;40
79;149
179;202
212;184
161;98
46;0
0;0
0;0
0;0
0;0
0;45
70;141
175;201
212;186
168;105
59;0
0;0
0;0
0;0
0;0
0;0
0;80
111;168
180;204
211;180
165;102
65;0
0;0
0;0
0;0
0;0
0;5
39;118
159;192
210;197
185;132
84;15
0;0
0;0
0;0
0;0
0;10
43;125
158;193
218;197
184;130
85;13
0;0
0;0
0;0
0;0
0;0
0;70
100;159
190;205
209;175
147;80
42;0
0;0
0;0
0;0
0;0
0;0
11;97
134;182
205;203
198;150
113;42
0;0
0;0
0;0
0;0
0;0
21;98
138;185
207;202
193;147
109;38
0;0
0;0
0;0
0;0
0;0
0;57
84;151
183;203
211;182
157;94
56;0
0;0
0;0
0;0
0;0
0;0
0;83
111;168
192;205
210;180
164;102
65;0
0;0
0;0
0;0
0;0
0;28
66;138
168;200
212;190
170;109
62;0
0;0
0;0
0;0
0;0
0;31
72;140
175;197
212;187
168;106
60;0
0;0
0;0
0;0
0;0
0;0
0;82
110;169
189;199
210;174
156;92
54;0
0;0
0;0
0;0
0;0
0;0
24;107
145;187
209;201
192;140
101;23
0;0
0;0
0;0
0;0
0;0
30;110
148;189
209;199
189;138
98;25
0;0
0;0
0;0
0;0
0;0
0;57
86;152
172;203
211;183
155;93
58;0
0;0
0;0
0;0
0;0
0;0
0;84
109;169
192;204
208;173
145;84
26;0
0;0
0;0
0;0
0;0
0;65
104;164
194;203
209;171
143;75
21;0
0;0
0;0
0;0
0;0
0;45
84;149
183;203
214;182
158;91
45;0
0;0
0;0
0;0
0;0
0;0
9;94
122;175
196;205
209;174
156;91
54;0
0;0
0;0
0;0
0;0
0;28
66;138
175;200
214;193
170;110
62;0
0;0
0;0
0;0
0;0
0;31
65;140
174;200
212;188
168;106
60;0
0;0
0;0
0;0
0;0
0;0
8;91
121;171
201;204
203;160
138;70
29;0
0;0
0;0
0;0
0;0
0;2
39;114
154;192
210;198
186;134
82;17
0;0
0;0
0;0
0;0
0;6
42;120
146;194
212;202
184;129
86;13
0;0
0;0
0;0
0;0
0;0
0;69
99;159
190;204
210;175
149;83
30;0
0;0
0;0
0;0
0;0
0;1
24;108
133;184
201;202
206;158
145;79
27;0
0;0
0;0
0;0
0;0
0;52
91;155
187;203
210;180
151;87
35;0
0;0
0;0
0;0
0;0
0;56
95;158
198;205
210;178
150;84
32;0
0;0
0;0
0;0
0;0
0;14
22;101
132;178
205;203
203;160
137;69
29;0
0;0
0;0
0;0
0;0
0;15
51;127
159;196
213;194
179;121
76;5
0;0
0;0
0;0
0;0
0;18
45;130
166;191
211;193
176;115
73;0
0;0
0;0
0;0
0;0
0;0
0;80
104;167
196;206
206;168
138;70
30;0
0;0
0;0
0;0
0;0
0;2
25;106
134;181
201;204
206;167
135;66
13;0
0;0
0;0
0;0
0;0
0;75
115;170
198;204
214;164
132;64
8;0
0;0
0;0
0;0
0;0
0;69
108;166
194;205
207;169
139;72
19;0
0;0
0;0
0;0
0;0
0;12
35;115
145;187
205;203
203;160
137;68
30;0
0;0
0;0
0;0
0;0
0;18
64;137
172;201
212;190
171;110
63;0
0;0
0;0
0;0
0;0
0;33
69;140
171;201
212;187
168;107
62;0
0;0
