460	303
360	183
369	173
415	231
312	154
219	102
261	195
192	185
78	131
112	216
152	292
58	227
99	291
190	382
185	333
185	301
325	388
348	350
309	255
397	289
457	303
360	181
367	179
413	230
311	153
220	102
261	180
192	183
82	133
116	219
146	293
61	237
102	285
210	384
190	342
186	302
327	389
353	354
310	256
399	297
459	306
359	185
366	179
415	230
312	154
216	115
261	192
196	184
79	125
108	219
150	293
62	235
101	286
210	387
187	342
185	302
330	388
351	354
308	257
398	290
459	307
360	187
368	180
418	232
314	157
218	103
261	197
196	188
78	134
117	229
153	296
66	240
100	287
212	387
189	334
188	302
328	388
354	354
317	258
399	289
460	306
365	188
361	177
419	234
314	155
219	101
261	193
196	188
81	134
115	215
155	297
67	240
100	297
214	390
192	345
190	302
331	392
348	359
317	262
403	296
468	313
372	195
375	183
424	238
316	163
224	108
266	198
203	195
83	140
119	225
153	302
71	242
105	290
218	394
197	349
194	307
332	390
360	365
314	262
400	293
462	309
371	190
364	177
417	231
313	155
220	98
255	188
194	185
81	127
108	213
146	292
61	234
93	278
205	382
187	338
180	291
319	381
351	353
306	251
390	284
459	296
362	186
358	172
414	227
308	151
211	96
247	185
194	186
72	128
107	212
147	295
61	237
88	278
207	381
186	340
183	300
320	380
354	356
309	252
393	285
461	304
371	187
357	171
413	230
310	153
211	96
253	186
196	188
75	131
107	213
149	293
59	234
87	275
206	381
185	332
181	294
316	378
351	352
301	246
385	276
456	299
358	180
348	161
404	221
302	146
202	87
243	175
189	181
64	120
96	202
140	285
51	226
88	266
198	374
177	331
169	285
305	368
345	346
296	242
381	274
450	295
355	184
346	160
405	221
304	146
204	90
244	178
193	185
66	121
100	205
141	289
57	232
85	271
205	379
186	340
179	295
317	377
357	361
306	251
391	285
469	307
368	192
357	170
421	233
316	159
216	101
257	191
206	194
78	132
108	214
154	298
67	223
96	277
211	391
186	345
183	298
321	381
365	361
309	253
390	285
464	307
367	191
353	168
410	231
315	153
216	82
253	187
208	195
75	132
107	214
154	296
67	239
85	273
212	385
193	346
183	298
321	381
365	366
309	255
392	284
463	310
370	192
354	167
416	234
322	162
214	100
256	188
208	199
79	132
109	214
156	301
73	248
89	278
217	391
186	349
187	302
323	384
368	370
311	250
392	285
464	311
374	193
349	165
411	232
319	161
213	101
253	187
210	199
79	130
107	211
151	299
70	247
85	275
211	389
197	349
183	300
322	382
369	374
311	263
391	283
464	308
372	194
352	165
416	229
318	162
214	97
250	179
208	199
74	128
113	212
146	295
65	242
79	268
214	384
194	347
180	297
316	378
368	368
306	251
383	280
463	311
371	193
347	157
418	232
316	162
212	97
252	183
211	202
75	130
105	211
154	298
68	245
81	269
211	387
196	350
184	300
321	381
371	372
310	254
390	281
468	309
375	195
349	162
418	234
322	159
212	97
251	184
213	204
77	133
104	206
155	298
66	247
82	267
213	384
200	350
183	301
319	379
374	373
306	256
388	278
462	312
375	198
347	160
417	234
322	173
212	97
250	183
213	206
83	132
103	209
157	299
73	247
80	265
212	385
199	350
181	291
316	376
370	371
308	252
385	284
464	310
376	199
345	159
417	220
324	164
221	97
248	177
215	205
77	130
102	207
154	298
75	251
79	266
209	387
198	352
183	297
313	375
373	373
311	255
387	277
460	310
380	200
347	157
419	233
330	165
213	97
255	181
217	206
78	133
102	208
168	300
78	253
80	265
212	388
202	356
184	300
315	377
376	377
313	264
391	278
471	315
383	205
350	161
418	237
331	171
214	102
248	183
221	212
82	136
106	210
160	305
85	259
82	270
216	391
202	358
187	287
312	377
379	379
316	260
392	284
470	308
390	210
353	164
425	241
335	178
220	108
255	187
232	223
96	149
119	224
173	321
92	269
90	277
222	397
214	366
194	306
318	380
389	390
325	267
395	287
474	323
390	212
346	158
415	231
325	163
211	95
238	171
212	207
78	132
102	208
162	301
85	258
72	264
207	381
194	348
171	287
290	351
356	362
287	235
357	250
436	282
365	175
307	122
376	196
287	131
169	56
187	130
174	167
33	90
53	157
110	258
40	219
33	222
166	342
162	320
140	258
262	328
339	341
276	223
349	243
434	284
357	182
319	130
389	207
305	149
189	75
211	149
201	191
65	118
84	189
145	289
79	254
68	254
206	379
205	355
180	298
304	358
386	385
322	268
395	288
485	330
414	233
366	180
443	260
365	207
252	137
282	214
279	267
143	195
165	266
230	368
165	333
150	332
287	460
302	457
288	397
410	472
506	500
440	383
514	401
605	449
542	359
485	292
562	378
489	319
369	248
404	332
412	393
262	310
268	364
348	485
277	442
252	430
366	534
360	503
308	416
384	442
434	433
332	276
365	256
429	278
340	161
261	77
320	140
230	75
97	0
108	47
101	97
0	22
0	103
51	199
0	161
0	179
116	292
111	267
75	194
186	251
271	278
205	153
266	163
355	205
288	114
229	45
298	118
223	70
104	0
123	62
128	122
0	50
3	111
69	216
8	185
0	182
124	311
132	286
100	219
212	276
309	308
243	194
302	196
391	240
320	140
242	56
300	121
220	61
90	0
86	28
83	80
0	24
0	98
41	190
0	162
0	177
101	281
109	269
78	200
193	251
286	290
234	178
279	174
365	217
301	125
237	54
301	129
234	77
108	0
118	61
123	122
0	50
0	101
51	197
0	166
0	175
106	285
120	275
81	204
187	252
273	278
215	166
257	153
337	190
267	93
199	18
255	77
184	35
92	0
97	33
99	97
0	45
10	119
84	232
61	236
71	259
209	381
233	388
212	324
300	357
346	348
256	201
264	156
289	145
184	13
153	0
166	0
115	0
87	0
69	6
30	30
0	26
0	87
0	124
0	151
0	164
7	191
0	137
0	103
96	164
201	209
152	105
206	107
297	149
249	80
221	31
308	131
277	122
179	67
198	134
203	197
89	148
84	190
142	288
87	261
45	230
144	321
145	297
106	222
199	260
281	283
227	176
263	160
333	185
273	100
208	28
267	90
205	54
96	0
99	41
103	96
0	40
0	100
41	187
0	169
0	176
87	266
93	249
59	179
142	211
208	212
139	97
174	75
233	92
157	0
161	0
192	18
124	0
89	0
95	36
100	98
0	60
16	125
87	228
41	218
36	225
160	331
178	329
157	272
256	317
327	331
265	215
292	190
357	209
285	113
216	36
260	84
195	43
91	0
108	49
115	112
6	70
12	122
78	223
30	207
14	197
129	307
152	303
126	244
233	294
314	317
274	221
325	218
412	261
359	183
312	126
374	190
321	163
213	98
227	161
224	214
113	167
115	221
177	320
124	295
98	284
205	376
212	362
186	299
287	346
368	365
322	266
366	256
447	292
387	210
334	146
391	203
327	166
217	100
232	167
233	218
116	167
119	217
171	316
120	288
100	286
209	378
225	375
200	311
301	360
378	379
336	279
380	271
465	309
404	226
351	165
414	229
370	210
273	156
304	237
334	313
232	277
244	346
328	465
298	461
298	470
441	595
480	614
478	573
602	645
708	686
684	608
754	624
864	689
831	629
805	594
898	687
884	694
809	663
869	759
920	869
850	863
896	956
883	983
851	984
844	986
853	977
863	975
880	954
958	977
1008	974
958	865
986	843
1022	834
935	729
852	636
879	668
802	619
665	527
655	565
634	604
488	524
456	542
494	618
415	565
365	534
455	612
457	592
409	510
497	544
568	555
507	440
532	413
602	438
527	340
461	267
508	318
457	290
337	218
350	279
356	339
243	288
231	330
298	431
243	408
215	391
325	490
350	492
319	424
420	470
505	496
448	388
479	365
548	389
471	284
381	191
397	215
313	156
163	52
134	75
99	96
0	29
0	89
0	127
0	149
0	171
45	228
53	211
20	143
126	198
228	233
207	160
273	171
393	242
368	190
343	156
429	245
414	254
330	210
357	285
361	340
225	272
179	279
203	341
109	283
43	227
110	288
100	253
40	162
116	184
192	202
155	108
202	102
322	174
313	140
304	121
415	231
433	270
383	261
452	375
526	502
494	530
544	625
695	807
727	867
816	965
852	990
867	979
905	979
963	984
1014	981
1016	923
1023	887
1023	841
1000	789
940	722
993	777
922	734
733	594
725	634
745	710
601	626
562	642
628	745
593	739
603	762
752	893
793	909
789	869
926	950
1008	971
943	847
933	795
991	808
896	689
801	591
813	608
734	550
579	446
566	484
548	521
408	444
351	457
411	540
349	511
269	444
343	508
310	452
206	317
244	305
270	275
167	119
146	50
197	55
135	0
149	0
167	0
118	0
82	0
53	0
27	26
0	27
0	94
51	200
10	188
1	192
130	310
194	342
175	290
294	353
409	406
381	322
415	303
517	362
466	283
405	215
467	281
439	275
337	219
388	316
451	430
399	439
476	562
530	650
438	598
449	614
554	708
573	703
522	615
611	657
693	675
631	559
647	529
738	574
674	482
588	386
617	422
540	372
355	236
291	224
218	212
9	68
0	82
0	119
0	141
0	156
0	154
0	121
0	83
0	37
0	0
5	0
58	0
101	0
123	0
141	0
138	0
113	0
76	0
17	0
0	0
0	21
0	79
0	122
0	144
0	164
51	234
107	255
86	207
235	298
390	386
413	352
517	400
681	517
677	485
656	452
748	546
761	595
673	552
768	678
840	797
770	791
779	852
887	991
851	984
835	982
857	996
869	984
851	929
963	986
1014	980
995	904
1023	887
1023	846
1017	805
969	756
1023	816
1009	817
885	738
895	797
905	862
784	801
744	818
812	922
752	892
710	868
821	963
860	976
812	892
910	937
1007	971
961	876
968	828
1023	843
959	753
870	653
896	689
840	659
683	542
672	579
670	639
548	579
503	586
569	693
510	665
460	621
552	709
581	712
516	614
591	635
671	654
610	539
601	486
686	522
612	419
520	325
549	361
505	338
348	229
337	267
336	321
207	251
153	258
223	361
163	333
110	302
209	384
253	405
206	319
295	355
393	392
355	297
366	258
457	314
414	236
343	153
383	201
349	193
221	109
236	171
262	253
180	229
161	266
266	402
243	410
228	407
355	520
426	563
405	508
529	577
650	630
643	567
666	543
774	601
726	530
662	453
701	504
679	502
554	422
559	482
578	552
483	516
450	532
523	647
472	626
433	600
522	678
565	697
526	615
607	648
694	677
658	586
665	539
747	582
692	499
619	417
650	455
615	441
483	355
457	379
445	424
337	373
292	385
359	492
312	475
278	454
365	532
411	552
369	469
453	503
540	529
510	442
523	409
621	462
578	390
521	330
564	373
550	381
434	310
446	370
467	446
385	424
355	451
437	564
399	557
371	541
459	616
506	641
457	555
530	576
599	584
547	479
522	405
579	422
505	321
415	221
427	238
386	226
248	136
234	168
231	223
136	192
94	196
164	308
128	300
93	278
170	346
208	358
161	274
235	295
312	312
275	221
278	174
360	211
307	135
238	57
268	92
244	91
119	10
118	58
126	122
38	93
4	115
77	224
50	227
37	224
133	309
198	350
180	287
278	337
377	377
366	308
390	279
489	334
459	277
412	221
457	271
449	286
346	226
354	283
372	355
292	336
264	360
334	469
307	469
286	460
375	540
440	577
418	518
510	561
603	588
587	515
592	472
675	509
628	438
558	358
568	382
545	375
411	286
386	313
371	354
261	299
204	306
254	393
212	380
176	357
255	425
301	444
262	368
332	388
412	407
381	323
380	271
453	301
407	229
341	154
368	186
350	192
236	121
232	167
242	231
156	209
123	228
195	335
162	336
146	328
236	402
302	447
283	394
375	430
471	464
456	389
464	349
545	387
508	306
435	249
460	289
439	293
326	196
291	227
307	292
200	242
171	264
218	354
182	351
155	335
234	404
286	433
260	364
327	388
411	406
387	328
383	267
452	299
401	223
340	151
359	179
341	182
226	111
217	151
222	213
136	187
97	204
159	303
128	299
91	280
168	346
222	372
191	300
259	316
336	337
308	246
304	202
378	228
340	161
269	86
295	121
277	125
171	62
162	101
173	166
80	138
38	147
92	240
56	233
27	214
110	286
170	324
141	260
226	288
319	318
303	249
314	208
400	249
366	189
309	124
342	162
334	178
232	119
236	169
246	236
162	213
126	228
186	330
151	320
105	289
179	351
227	372
181	294
243	304
315	315
277	224
270	167
337	188
288	115
220	39
246	70
227	73
116	2
107	52
121	116
39	94
4	114
67	218
49	226
27	213
108	287
175	325
154	268
240	301
335	325
320	265
328	224
419	267
389	212
333	147
369	186
362	203
256	139
252	185
267	254
184	235
148	251
208	353
193	365
170	350
260	429
320	463
295	403
374	427
467	462
447	376
452	340
535	382
514	329
460	266
497	309
485	323
385	261
378	305
387	372
295	338
238	336
296	431
269	432
236	413
320	485
374	513
335	446
403	459
483	462
438	374
416	305
473	320
419	240
336	145
348	169
320	165
203	86
180	118
186	179
98	148
52	155
103	251
77	252
41	229
112	294
172	322
140	260
209	270
298	301
274	221
274	168
353	206
325	150
255	78
293	112
288	133
180	70
172	111
197	189
114	169
78	183
136	283
127	293
89	276
183	356
250	396
224	336
291	349
379	381
360	303
366	255
448	295
420	241
344	157
364	183
349	192
241	127
229	164
242	235
154	205
108	211
153	309
131	313
103	289
188	360
245	393
221	326
282	338
373	370
343	285
333	228
404	254
365	186
283	101
304	125
287	129
170	54
141	83
154	150
63	120
16	126
75	224
57	233
22	211
106	284
169	319
142	259
207	273
307	307
284	229
283	181
365	216
339	165
270	87
303	130
297	143
198	81
180	119
202	194
120	170
73	179
140	278
109	291
82	268
161	341
227	375
192	305
250	311
344	342
322	265
318	212
401	252
379	202
313	126
346	168
350	192
250	136
237	171
265	253
185	235
138	238
206	343
185	353
142	327
229	398
290	435
259	369
321	377
409	410
388	326
378	274
455	300
425	245
345	158
372	190
363	205
257	143
232	167
254	244
171	221
124	226
178	321
154	319
105	299
180	353
233	382
201	311
256	318
349	349
323	265
309	204
388	236
360	184
285	95
308	133
304	147
193	86
174	111
190	188
113	165
69	177
130	274
121	292
82	266
159	340
234	382
210	321
275	332
378	370
361	302
354	250
440	284
420	241
345	159
373	193
367	208
258	142
233	168
257	246
170	221
119	222
176	327
162	330
115	300
191	367
254	404
226	335
280	339
380	379
353	293
343	234
418	266
402	218
312	126
337	157
331	173
221	108
196	138
224	215
137	188
86	194
147	290
136	306
90	276
176	351
247	394
218	331
282	340
386	381
366	308
357	250
438	288
417	241
340	154
369	189
367	208
260	141
234	171
261	250
164	225
121	220
180	322
168	339
116	301
199	372
263	410
233	325
284	344
393	387
365	309
353	245
428	277
409	230
323	139
348	168
346	186
231	118
199	138
231	217
139	191
85	192
145	289
137	307
87	272
167	343
234	373
205	316
258	318
354	356
327	271
312	208
392	242
377	201
291	107
317	139
314	157
210	92
173	112
206	198
123	172
70	176
133	276
137	299
77	263
146	333
230	378
201	313
253	314
363	365
340	284
326	221
407	254
390	211
302	118
324	145
321	152
210	96
181	114
207	205
127	179
72	179
138	278
132	301
79	267
161	334
230	380
201	316
257	316
369	366
346	289
327	226
412	261
401	221
316	128
344	160
345	185
235	121
201	139
236	227
154	204
97	206
158	301
154	325
100	285
177	352
248	395
218	331
266	324
374	373
353	299
338	232
413	261
401	222
313	128
338	152
332	170
222	108
188	122
212	208
129	187
72	180
133	281
131	296
78	263
153	332
227	376
200	313
242	305
354	355
335	277
318	211
392	243
388	206
295	110
318	135
319	163
210	95
172	112
207	197
125	175
66	173
123	269
122	295
68	254
144	320
221	366
191	304
237	297
349	350
332	277
317	213
398	245
393	212
304	118
327	148
330	174
224	109
188	124
225	216
144	193
87	193
148	290
146	321
97	278
175	349
250	397
226	334
265	325
377	375
357	299
340	234
414	264
409	232
320	135
340	165
343	187
239	125
195	132
230	223
151	201
89	187
144	304
150	320
94	281
168	340
246	393
222	333
261	321
375	373
359	300
339	231
413	263
412	232
323	137
342	162
345	185
241	127
198	133
233	223
154	203
92	198
146	294
154	323
104	280
170	346
247	393
225	335
262	321
376	370
361	301
340	233
412	263
415	237
329	142
349	166
356	198
251	138
204	142
239	231
162	211
98	205
154	294
160	331
103	288
177	351
255	401
232	342
268	328
381	380
365	305
346	239
419	267
422	243
331	145
350	170
354	196
251	133
204	140
238	228
160	214
96	202
146	290
154	323
95	280
166	342
249	392
226	334
261	322
372	372
362	302
340	233
411	259
419	237
325	141
343	164
343	192
249	133
198	135
232	223
158	210
93	199
142	286
154	324
96	281
173	341
244	389
226	335
256	315
366	367
350	298
335	228
414	253
413	235
319	126
338	156
343	189
248	124
197	132
234	222
157	208
94	197
142	287
155	329
102	290
172	347
252	402
234	345
265	323
375	373
365	302
345	237
415	264
424	245
336	148
351	170
360	201
262	144
210	145
241	233
167	218
102	206
150	294
166	337
111	294
179	354
257	402
240	349
267	326
376	374
367	308
342	236
405	255
416	238
326	139
338	157
345	187
255	134
197	133
231	218
157	209
87	197
137	281
152	327
99	283
166	339
242	393
230	340
256	318
371	368
362	303
337	230
402	255
421	239
329	145
344	164
355	197
263	147
205	140
237	230
168	219
103	209
147	290
170	342
110	293
178	352
258	404
244	352
268	335
385	375
370	311
343	235
406	256
420	241
329	144
340	161
352	196
257	141
199	135
233	225
164	213
96	204
144	289
166	338
111	297
179	354
263	407
247	356
269	333
383	378
374	315
348	240
411	259
427	246
336	149
345	167
353	196
258	143
198	134
231	221
161	212
95	201
139	281
161	331
105	296
170	343
252	400
238	347
259	320
367	371
361	303
332	226
395	243
408	231
320	132
333	148
340	181
243	130
183	119
216	208
150	184
82	188
125	265
152	338
99	284
163	342
250	397
239	346
255	318
369	367
365	306
335	231
395	248
418	237
325	144
332	154
345	187
246	132
187	124
221	211
156	209
86	193
132	276
156	326
105	289
167	342
262	403
242	350
265	325
375	375
374	315
346	239
413	260
428	248
342	155
348	168
359	204
268	152
204	140
238	229
170	221
99	206
145	285
166	339
112	303
174	349
261	402
247	356
268	327
376	371
377	316
349	241
412	259
427	248
338	153
341	163
357	199
256	141
193	130
221	213
154	205
82	190
127	270
155	323
104	285
159	336
244	391
233	343
252	314
364	364
365	308
338	230
401	249
421	239
333	149
338	157
355	196
261	146
202	134
225	220
165	218
95	202
142	285
171	340
112	300
177	351
264	405
250	358
268	331
378	382
381	322
351	245
414	263
431	252
342	158
348	166
367	207
267	150
205	138
233	225
173	223
99	204
148	291
173	341
118	296
178	349
261	409
245	355
262	322
369	369
368	311
336	228
399	249
418	237
331	141
337	155
351	191
253	139
187	126
221	213
158	212
105	194
139	278
158	329
105	289
161	335
249	396
233	343
251	312
359	359
358	302
328	221
391	239
408	230
322	135
319	141
335	182
242	131
178	115
209	202
149	203
71	183
122	267
149	322
99	288
156	330
247	393
235	344
254	315
365	365
372	312
340	234
405	256
429	251
340	155
339	158
353	197
264	139
191	127
220	212
162	212
84	190
131	276
159	327
107	289
162	337
254	401
240	351
261	320
370	369
376	316
346	237
410	263
430	251
346	158
344	164
364	205
267	152
202	138
234	226
174	226
98	205
146	290
178	342
119	303
173	346
261	409
246	356
264	324
373	370
383	321
346	241
414	262
434	255
347	162
345	164
364	204
265	149
197	134
226	219
173	222
95	198
143	286
168	341
121	305
175	348
270	414
260	360
268	328
375	369
381	320
346	239
409	256
433	255
348	160
345	160
366	203
273	155
206	141
234	224
177	228
84	203
148	291
178	348
"delay,correlation"	
highshift: (milli*1000)-20	
highr: (*1000)897	
240	412
316	447
289	387
321	364
426	409
407	335
475	280
378	190
363	185
383	224
281	166
210	146
240	230
188	238
103	210
147	291
178	347
121	306
166	344
263	409
256	358
267	321
381	375
395	334
360	251
425	273
449	268
363	175
351	167
375	215
265	158
195	137
229	224
177	228
93	201
136	279
167	337
113	297
155	330
251	399
237	340
246	306
355	355
368	312
329	221
392	242
418	238
330	143
319	138
344	186
242	131
175	112
203	196
153	205
75	177
117	262
154	327
102	288
148	325
251	399
240	351
257	318
374	367
386	326
346	237
410	259
436	258
352	163
337	157
369	210
274	155
200	137
231	221
184	231
94	199
142	283
176	345
121	309
164	337
264	410
250	358
255	319
368	368
388	324
341	233
404	252
430	251
341	156
326	146
353	196
253	136
175	114
204	196
156	207
64	171
107	254
142	309
85	270
123	301
222	371
207	317
217	281
330	330
349	291
307	199
372	224
401	223
315	130
302	121
330	180
234	120
161	98
189	182
143	194
54	162
96	243
129	300
72	261
112	290
215	365
205	313
213	275
320	320
340	282
294	186
355	208
387	209
305	120
293	113
327	168
233	116
160	99
191	185
149	203
54	177
113	257
141	321
101	275
120	302
226	375
226	347
240	307
346	347
368	309
322	218
383	236
420	236
338	151
328	145
364	206
275	155
204	141
240	222
207	250
121	226
171	314
216	380
169	347
210	384
323	465
313	420
326	382
439	417
467	404
423	311
489	333
523	339
438	246
424	238
454	296
366	247
298	231
340	318
297	341
208	309
256	392
297	453
246	423
285	453
391	531
377	476
383	435
488	479
508	440
450	340
512	354
536	350
442	250
412	226
439	276
334	216
250	182
269	258
231	258
124	211
153	286
179	338
126	298
152	317
249	405
236	341
250	308
357	355
382	321
334	227
392	245
430	248
341	156
319	145
358	199
262	148
183	122
211	201
169	220
70	179
109	255
144	302
84	268
110	288
210	362
194	298
197	255
300	303
326	268
277	171
339	190
372	193
291	103
267	91
309	153
219	105
146	85
175	170
141	192
46	153
84	230
119	289
60	248
83	262
179	330
157	272
153	217
245	252
261	209
199	101
252	105
273	100
182	0
160	0
186	35
90	0
41	0
65	65
24	82
0	83
3	156
41	218
0	182
21	206
134	287
128	245
137	206
256	256
285	232
239	137
302	156
340	164
261	76
235	60
275	121
186	78
107	51
135	132
104	158
11	124
50	200
96	269
48	237
79	255
189	340
183	296
188	251
292	295
326	270
274	170
333	186
370	194
289	113
259	86
300	139
211	98
131	69
158	152
130	183
37	146
78	225
124	296
78	262
103	281
214	362
205	315
213	271
311	311
348	290
295	189
353	206
393	214
315	128
283	103
320	164
231	117
147	82
172	170
140	192
43	152
79	227
122	294
74	259
97	275
205	352
196	307
197	261
296	298
334	276
280	175
338	190
380	201
302	111
267	91
300	149
213	100
131	68
142	142
118	180
23	131
59	207
106	281
63	254
87	267
198	348
194	306
196	260
296	300
338	278
284	182
341	193
380	184
303	118
267	90
308	139
228	108
139	78
160	155
140	196
46	154
83	229
133	306
91	276
112	290
225	375
222	332
229	285
323	323
364	306
310	202
361	211
396	221
320	131
279	100
314	158
222	108
136	76
153	148
133	186
38	147
75	223
125	299
87	271
104	285
207	367
220	329
219	282
319	322
365	307
314	209
371	216
415	236
347	158
307	131
348	193
264	148
178	114
195	188
175	225
78	184
109	256
155	326
114	298
127	304
234	381
226	336
218	281
307	306
345	288
282	174
328	178
360	185
280	98
235	58
265	117
180	68
90	32
109	107
86	148
0	114
33	182
87	262
52	239
70	250
184	334
184	297
181	245
279	282
333	276
284	180
342	195
391	212
320	135
279	101
315	158
230	116
142	71
157	152
144	197
46	154
79	231
134	306
99	284
116	290
229	378
233	340
232	293
332	333
389	327
340	231
391	239
430	252
354	165
301	124
332	175
239	127
147	85
158	154
144	194
42	150
67	216
114	289
75	261
82	264
189	339
188	299
181	245
274	274
324	268
275	170
325	179
373	197
310	119
271	96
317	161
241	128
164	101
181	178
177	229
91	196
127	271
185	353
151	339
167	343
284	428
293	399
294	356
395	395
456	386
411	300
466	312
519	337
454	254
416	235
468	300
391	269
310	241
333	318
326	369
235	334
262	400
311	478
263	439
261	431
356	494
344	449
330	381
407	401
443	379
378	267
408	258
440	259
353	167
293	119
324	169
233	116
135	73
136	135
119	174
19	129
42	190
88	265
48	229
51	234
157	310
160	272
155	218
247	256
300	245
259	150
303	156
355	174
285	104
249	72
290	135
217	103
131	76
151	146
146	197
53	166
90	238
148	321
118	301
132	309
246	392
254	365
256	316
353	351
409	349
362	253
407	256
449	275
386	196
340	159
378	217
307	192
223	158
238	234
241	286
153	256
181	323
237	403
205	380
211	386
324	468
335	440
332	384
426	421
481	417
432	322
476	320
523	335
451	259
401	220
441	275
358	239
266	200
280	267
267	316
169	273
193	335
245	410
204	383
210	383
320	463
326	429
318	381
411	408
466	401
413	307
457	304
505	320
431	238
383	202
420	259
349	229
261	194
283	270
278	324
191	291
222	361
279	446
253	430
266	437
380	518
393	494
388	442
484	481
549	479
505	388
551	392
599	411
528	333
481	294
517	353
440	316
345	275
357	342
341	381
249	339
254	387
299	462
248	423
241	416
332	474
328	421
305	361
382	380
413	360
360	255
382	231
415	234
332	150
277	98
303	150
235	118
139	79
155	151
162	200
57	164
78	226
136	307
98	282
107	287
217	365
229	338
221	283
321	320
377	317
330	222
369	220
422	241
349	163
301	123
338	182
269	152
179	116
198	191
195	245
108	214
136	281
201	368
169	348
180	354
294	437
315	419
311	367
416	410
477	411
432	319
471	321
532	343
461	267
416	232
453	293
389	268
299	231
319	306
310	356
222	320
244	383
298	465
264	440
272	439
379	519
390	492
377	431
468	463
520	457
465	349
495	338
540	354
460	267
403	221
435	270
362	241
267	199
280	268
266	313
174	277
186	329
244	408
200	380
203	375
307	451
321	426
308	365
403	400
462	398
412	299
449	294
501	316
428	237
378	196
411	250
343	224
244	178
260	249
251	299
158	258
172	314
241	400
191	371
195	368
300	445
317	422
303	360
397	394
454	389
403	292
434	283
484	302
403	217
345	168
382	223
318	202
228	161
248	240
247	295
165	266
184	327
250	417
210	389
212	386
315	459
325	431
309	365
399	394
448	397
395	283
424	270
472	296
400	212
350	169
385	226
322	204
231	167
252	243
253	301
170	273
191	333
261	423
230	406
242	414
359	501
386	488
383	437
487	480
560	490
525	406
569	409
639	443
574	374
534	338
567	399
506	376
405	332
421	403
414	451
319	413
331	461
381	540
333	504
320	486
410	550
417	516
387	439
466	459
513	444
447	333
454	301
486	303
385	194
303	124
310	153
221	108
97	40
91	91
64	122
0	83
0	138
13	193
0	160
0	167
49	207
40	160
0	68
68	80
119	66
72	0
126	0
166	0
151	0
151	0
150	7
81	0
34	0
5	9
0	38
0	78
0	138
30	213
0	172
0	173
83	239
101	220
84	155
186	194
258	203
220	120
262	119
327	158
270	86
223	50
257	109
205	90
101	53
115	114
111	165
20	128
25	177
89	263
47	235
47	228
153	303
178	289
151	219
245	251
307	247
257	153
285	139
346	169
278	93
222	43
259	106
206	94
111	52
133	129
133	188
45	150
45	196
110	282
67	251
62	243
165	317
187	294
163	227
258	261
330	269
284	174
316	168
380	192
309	123
250	73
277	128
225	109
117	56
130	126
128	181
37	146
43	193
112	288
76	260
71	256
178	330
210	319
193	257
294	296
369	310
329	223
361	211
427	244
350	164
289	115
325	169
271	154
162	101
175	168
174	226
81	189
85	233
155	326
117	300
115	290
219	368
248	356
222	285
314	316
380	322
335	227
358	208
421	244
355	166
298	119
339	178
285	168
177	117
191	186
192	245
101	207
102	249
173	323
132	311
124	300
229	375
254	364
231	290
319	320
388	325
338	231
360	212
427	248
358	171
300	122
336	177
285	171
177	115
191	185
197	245
106	212
106	254
181	353
145	327
142	318
251	397
287	392
265	324
357	357
426	365
381	269
397	247
461	280
390	200
326	147
361	204
311	194
199	137
211	205
215	266
128	229
124	270
199	366
161	342
156	331
258	405
292	397
266	323
352	355
430	367
384	273
404	252
475	292
407	217
347	168
384	222
339	218
230	175
247	239
252	302
166	269
164	307
240	401
199	382
192	368
295	443
331	437
307	360
389	386
450	391
404	293
421	266
484	301
412	224
348	168
378	221
333	213
219	155
231	223
238	285
148	251
143	287
218	386
177	362
174	349
278	423
313	419
280	338
364	365
436	370
381	272
391	240
455	273
379	191
308	129
326	174
280	161
159	99
167	162
166	218
75	183
44	211
134	307
96	282
86	268
187	339
222	331
188	251
273	277
343	285
293	187
302	157
368	193
300	115
231	57
259	107
215	103
101	44
113	112
118	174
37	145
28	181
109	289
78	264
70	251
175	326
216	326
187	249
273	274
344	287
300	191
306	159
377	198
312	123
246	71
278	123
244	129
132	68
143	140
152	207
69	177
62	211
144	315
114	298
103	282
207	355
249	358
219	278
308	307
382	322
340	231
348	197
419	221
354	166
287	108
313	161
281	163
163	102
171	161
176	230
92	199
82	229
159	330
128	301
114	292
213	362
254	365
225	284
311	313
385	324
346	234
349	197
420	242
358	168
290	113
319	164
282	162
171	109
175	170
184	235
106	204
87	233
164	335
135	315
120	305
219	368
269	372
236	294
319	321
394	333
353	245
363	210
429	251
366	177
299	121
324	169
290	173
176	114
184	182
198	247
117	221
99	249
182	350
151	332
137	311
227	381
282	387
248	306
327	324
400	340
359	249
360	212
425	248
363	176
292	114
314	158
280	168
166	105
172	167
185	235
103	207
86	233
163	333
134	315
119	296
213	368
268	374
231	294
317	322
391	331
354	250
356	207
434	245
363	174
292	115
317	162
289	171
172	112
182	176
192	242
115	219
98	245
178	348
152	335
141	315
236	385
292	398
264	325
351	348
430	365
398	285
399	247
469	288
408	219
341	157
362	205
334	215
218	156
225	215
234	284
158	260
139	284
216	383
195	374
181	354
274	421
336	439
306	363
392	389
472	408
444	327
437	286
512	328
455	260
385	205
406	243
387	262
270	201
270	258
280	327
203	303
182	322
256	419
230	407
210	383
300	444
351	457
321	379
401	395
474	409
436	322
429	275
492	309
430	241
358	177
377	219
352	231
233	166
230	221
240	289
161	265
130	278
207	374
181	361
160	335
251	398
308	411
278	334
355	355
433	370
398	285
390	237
455	272
393	205
319	140
335	179
311	189
192	129
187	179
199	250
121	225
92	242
165	338
148	327
127	302
217	365
276	382
247	304
323	324
401	340
367	254
355	208
426	247
368	181
295	116
312	156
289	165
176	115
177	172
196	245
123	226
99	247
182	352
164	345
148	325
243	390
308	412
283	341
362	361
447	382
418	306
415	262
488	308
437	245
367	185
388	229
368	236
257	190
260	247
275	321
199	298
169	308
244	411
223	401
203	378
291	431
349	453
316	371
386	383
467	400
429	316
416	264
484	301
424	235
346	167
361	203
337	219
219	145
212	202
218	265
136	239
101	248
172	339
149	330
123	297
208	356
264	374
230	294
300	302
379	318
341	229
328	179
389	212
336	148
254	79
267	115
245	132
132	73
129	123
141	194
66	173
38	188
115	289
101	286
82	265
176	325
243	351
216	272
290	293
374	313
341	236
334	187
402	225
355	167
282	101
298	142
279	163
171	107
165	160
184	235
109	214
83	231
160	331
148	329
130	306
227	371
289	394
262	320
338	334
419	359
385	277
377	227
444	264
396	207
319	140
338	179
320	203
209	141
202	196
221	270
141	246
113	258
185	355
171	347
147	319
227	378
291	396
259	317
331	327
410	348
373	262
358	211
422	242
370	182
290	114
311	152
287	169
173	108
162	158
181	233
103	209
75	225
148	318
133	316
110	290
202	348
266	372
238	299
308	309
389	327
351	242
334	186
397	222
346	163
261	87
282	125
261	146
154	88
137	135
159	212
85	194
53	204
127	305
115	299
92	271
180	328
240	350
211	273
272	274
349	292
310	203
286	144
351	175
301	110
217	43
234	82
215	100
108	45
94	94
119	169
44	153
15	166
89	265
82	268
63	243
159	311
229	339
206	267
276	280
367	305
332	227
323	176
394	216
349	161
270	92
291	136
275	159
164	104
154	150
179	231
101	204
71	220
147	318
130	319
112	289
206	354
272	376
240	300
306	305
392	335
356	248
343	194
404	229
361	175
287	98
299	144
280	164
168	106
153	149
175	227
94	203
63	212
138	306
123	306
98	278
190	339
254	364
228	286
293	291
384	323
349	240
332	191
404	225
362	174
280	101
301	144
283	166
172	109
158	154
183	231
97	209
71	219
141	314
137	318
106	286
201	350
265	381
237	297
298	301
387	319
352	243
338	187
401	222
360	170
276	97
295	140
281	168
171	107
155	152
179	234
109	215
80	229
160	329
153	334
125	305
225	373
297	403
280	331
337	338
434	370
399	290
386	232
453	273
418	228
337	158
361	203
349	230
241	176
230	222
263	303
184	285
148	296
231	395
221	402
197	371
293	431
365	470
343	395
410	401
501	436
468	352
454	299
518	336
481	287
398	215
419	259
410	284
290	227
274	267
304	349
227	328
189	332
263	427
257	432
221	394
312	450
379	480
348	402
402	398
488	425
450	336
419	272
486	299
438	245
347	166
358	201
337	220
218	156
193	183
214	262
127	232
80	227
147	318
136	318
97	277
184	334
248	357
216	276
268	272
356	300
320	211
298	150
362	186
323	137
238	59
255	98
242	128
134	73
113	121
146	199
69	176
32	183
96	280
106	293
75	255
170	320
241	349
216	277
276	281
373	312
340	233
322	175
390	213
358	170
270	101
292	138
284	168
179	116
164	160
201	250
128	224
95	243
172	344
181	358
149	323
240	388
315	421
291	348
347	341
443	382
412	299
391	239
448	272
418	225
322	146
338	181
325	206
211	149
182	177
211	263
125	236
90	233
162	332
163	344
124	302
215	363
290	390
257	317
308	311
401	345
369	256
345	197
410	231
379	189
286	107
303	148
292	177
178	116
150	147
191	234
103	207
52	210
131	303
132	313
96	271
177	329
251	358
224	283
275	277
374	315
340	231
318	171
384	206
358	171
265	84
285	131
276	160
164	104
142	138
179	229
106	212
70	216
144	317
152	333
115	295
210	358
290	391
263	319
313	315
416	353
385	272
361	212
430	248
401	208
311	127
319	164
310	192
200	138
170	162
202	256
134	238
90	238
162	327
169	351
133	307
222	371
293	404
277	331
321	323
424	362
391	287
368	219
433	253
409	219
310	130
324	170
319	202
210	144
182	171
213	264
140	243
98	241
163	334
174	353
127	307
223	367
294	397
268	326
313	315
417	351
387	275
361	212
427	247
403	212
302	126
318	163
313	196
206	139
168	167
210	259
135	239
91	237
162	332
172	352
130	302
217	363
290	396
257	322
306	307
408	345
378	268
351	201
411	230
387	198
284	106
295	132
286	171
176	113
140	135
173	225
99	205
51	203
122	291
131	314
86	266
172	323
249	358
223	281
263	269
371	312
344	235
315	175
378	206
361	172
262	85
274	122
274	157
169	108
134	130
181	227
106	211
62	206
135	307
150	333
109	287
196	346
279	385
256	315
299	300
408	347
383	272
354	206
417	238
400	209
299	122
317	156
302	192
202	137
160	155
202	252
129	235
83	231
151	322
168	349
120	290
202	351
280	387
256	312
289	292
398	335
362	257
338	187
396	218
380	192
280	102
292	137
289	172
185	122
145	141
184	237
118	222
71	224
137	305
155	336
110	287
194	343
276	382
251	312
290	292
396	336
369	260
338	190
399	223
387	197
286	107
294	140
293	176
187	125
145	145
183	236
116	221
66	216
129	304
149	331
102	280
186	336
262	374
248	306
281	282
387	327
359	246
329	181
386	209
374	186
272	95
281	127
279	164
176	112
127	126
170	222
100	209
54	201
115	287
138	315
93	271
175	326
258	365
239	298
271	274
381	319
356	247
326	176
390	211
379	190
280	102
290	136
292	175
190	127
144	143
188	239
120	224
70	219
132	305
158	336
113	289
195	345
278	383
261	321
291	293
396	338
374	266
345	198
400	224
394	207
281	116
304	147
306	189
207	144
160	156
201	241
134	240
84	232
132	317
174	352
128	298
204	352
285	391
268	325
292	294
394	337
373	266
337	189
390	212
383	184
281	100
287	132
289	172
191	127
141	137
182	232
119	222
65	214
125	299
160	340
115	293
190	344
280	387
267	325
294	296
401	339
381	271
345	198
401	222
398	210
299	121
306	146
309	191
210	150
159	154
201	250
136	239
84	231
142	310
175	355
125	301
202	349
285	397
268	326
293	295
397	336
377	265
340	192
394	219
393	206
293	117
302	149
306	189
212	149
160	160
201	253
141	257
88	235
147	312
178	359
134	308
206	355
300	398
277	336
301	299
402	340
376	271
347	194
393	214
392	204
293	115
295	141
299	181
204	140
150	152
189	241
126	231
76	223
132	304
164	347
124	299
198	345
284	391
271	327
293	295
398	333
381	270
343	194
392	214
396	203
290	111
294	136
296	180
200	139
144	140
183	233
123	229
66	216
124	298
159	335
115	291
187	337
275	382
261	320
283	285
388	328
368	261
337	187
389	215
393	204
294	116
296	142
303	187
207	142
147	148
201	242
135	238
79	227
136	308
171	353
127	291
198	351
285	381
271	330
290	287
396	335
381	271
345	194
396	219
400	210
307	128
308	148
316	197
226	156
162	157
201	251
141	247
84	232
143	314
180	361
138	314
208	356
298	408
284	343
302	304
408	346
391	282
356	206
403	225
407	217
310	129
305	150
312	197
215	151
154	148
191	242
134	236
75	224
128	303
167	346
124	299
191	341
281	388
268	329
286	288
389	330
378	269
337	190
388	209
393	204
294	116
291	140
300	185
198	140
147	142
184	237
131	237
74	228
136	307
171	351
126	304
198	346
286	392
277	331
290	292
390	333
380	271
342	193
393	213
399	208
299	120
295	146
304	186
207	140
147	141
183	236
132	235
72	223
133	305
170	351
129	301
194	345
288	394
275	335
295	298
398	335
392	277
349	200
400	221
405	216
308	129
301	146
307	191
209	150
148	144
184	236
130	220
70	219
126	298
164	344
119	293
183	335
275	381
261	320
277	279
378	320
366	259
331	183
381	203
388	198
290	112
282	128
291	174
191	125
131	129
168	221
118	223
55	204
113	289
154	337
114	289
181	333
277	383
261	317
279	280
381	322
371	261
330	183
382	204
387	198
288	110
283	126
292	175
194	131
136	129
171	221
123	227
62	210
127	295
162	342
120	297
187	324
279	387
265	323
284	286
388	328
381	271
342	193
395	216
402	213
305	129
297	145
306	191
209	146
147	144
179	234
132	234
70	219
134	301
169	348
127	304
195	342
284	391
279	329
286	286
389	328
384	271
340	190
395	214
400	211
303	124
300	141
308	191
214	149
145	147
183	240
139	245
77	232
140	312
178	361
141	311
200	351
298	404
281	339
299	301
402	340
398	286
352	203
402	224
409	218
311	132
300	146
314	196
214	152
152	149
191	242
142	247
87	230
143	313
187	365
144	319
206	354
301	407
283	345
306	304
403	346
399	290
353	203
404	227
410	222
314	135
304	150
317	199
217	155
153	151
191	243
126	247
78	226
140	311
179	359
135	313
199	350
297	403
283	340
301	300
403	344
399	286
354	206
405	228
416	227
320	142
310	152
313	204
223	161
157	156
195	246
149	257
84	233
142	322
183	363
139	317
199	348
298	404
284	342
296	298
398	338
399	288
354	203
407	227
419	229
329	145
312	158
332	212
234	171
170	164
208	257
165	269
99	247
160	330
202	381
159	336
223	367
323	427
303	359
315	315
411	353
413	300
362	215
414	236
423	235
323	144
305	150
319	206
218	154
148	146
187	237
140	246
74	220
132	303
174	354
133	307
188	335
289	396
274	332
287	287
385	327
387	276
337	189
390	212
398	210
304	125
289	134
308	193
203	144
141	140
177	229
137	237
67	215
125	298
169	351
131	306
184	334
287	393
272	330
284	285
386	326
389	278
336	191
392	214
411	215
311	131
293	145
318	197
214	155
150	147
188	239
150	252
81	230
141	314
189	367
150	323
203	351
306	411
294	349
303	303
402	342
409	296
354	207
405	227
418	228
322	141
300	147
324	205
223	160
154	150
189	241
149	253
77	225
135	307
181	358
135	314
191	343
296	401
282	340
290	293
392	331
400	284
341	192
392	215
407	216
307	129
287	133
305	192
215	150
145	140
180	233
146	249
71	218
133	304
178	360
139	317
188	338
297	402
286	340
295	293
395	335
405	293
348	198
397	220
415	229
319	144
294	145
320	203
224	160
153	153
192	241
157	259
82	230
139	310
183	366
144	319
191	341
300	411
287	344
291	292
392	329
399	287
337	189
385	208
402	211
303	124
276	125
304	187
205	144
137	136
173	227
141	245
65	212
123	293
173	352
130	307
177	328
290	396
283	335
283	285
385	325
397	285
338	192
388	209
408	216
308	129
281	127
308	188
212	139
139	137
177	229
145	249
67	216
121	297
174	354
133	308
178	325
285	395
276	334
283	286
380	321
395	280
333	188
383	205
406	209
301	127
270	119
301	183
206	143
128	129
170	219
136	244
57	207
112	284
163	341
123	299
160	314
274	379
267	323
259	269
367	308
384	274
319	174
367	191
389	201
292	114
263	110
294	178
201	141
129	127
164	215
139	242
58	207
113	287
168	349
125	305
168	318
283	388
275	333
278	280
375	317
398	288
332	186
382	204
398	212
308	129
292	121
310	192
216	149
139	136
175	229
152	252
69	218
123	292
177	356
140	313
174	332
290	396
282	338
285	284
383	323
402	291
340	187
384	207
408	218
315	139
283	130
313	199
223	160
150	145
182	236
159	263
79	226
133	307
187	368
152	325
189	337
306	409
297	354
300	302
392	336
417	305
355	204
400	221
422	232
330	148
292	138
323	206
228	166
155	148
177	234
162	269
81	233
129	304
187	367
151	322
182	333
298	410
290	349
289	292
385	327
411	299
344	197
389	212
414	223
325	145
284	127
305	199
228	164
155	146
180	232
167	267
75	228
133	305
188	368
155	330
187	335
301	409
298	354
295	296
388	328
417	305
354	208
396	218
423	232
335	154
292	134
326	209
239	174
159	161
186	240
172	278
91	238
140	312
199	380
166	339
193	343
307	415
294	357
294	296
384	324
414	307
351	201
396	213
415	225
329	150
281	129
315	195
222	161
144	140
168	220
157	264
77	224
125	298
183	364
161	331
185	336
302	404
299	354
295	296
384	324
415	305
352	199
388	212
417	225
330	146
279	122
308	191
222	158
138	133
161	214
153	257
70	219
116	289
176	357
148	323
171	322
286	391
287	345
285	286
374	314
414	301
349	199
386	211
416	227
334	154
283	130
317	199
227	167
146	133
168	223
159	266
78	227
127	295
183	375
154	335
175	324
288	393
285	343
279	280
367	307
405	292
341	189
372	195
399	202
314	133
261	108
284	175
208	146
122	118
144	199
139	244
58	208
109	277
167	345
135	311
156	308
268	373
270	328
263	266
348	291
387	276
323	180
360	181
387	202
304	125
251	100
279	163
196	134
111	110
132	186
128	232
53	198
87	266
161	334
125	302
146	297
260	368
267	327
260	259
355	290
387	279
330	180
364	187
394	206
315	137
258	108
292	178
211	146
129	122
151	205
149	253
71	218
108	282
174	353
145	319
163	314
277	390
282	339
271	273
353	300
401	292
338	187
369	193
402	212
316	137
265	108
291	175
211	149
126	125
151	203
147	250
68	217
110	283
179	356
149	323
166	317
281	389
288	343
275	281
368	301
409	300
348	198
378	201
408	218
326	143
270	117
299	184
224	159
139	136
160	213
160	262
79	227
108	290
181	361
153	331
169	320
279	387
288	344
279	281
366	306
410	298
351	204
378	202
408	220
327	151
273	118
303	183
226	163
136	134
157	213
158	262
81	226
116	289
182	362
154	330
173	321
283	391
294	351
283	286
372	312
416	301
354	204
382	206
418	226
332	153
276	124
308	190
239	170
145	140
167	217
169	271
90	236
127	305
198	375
168	342
185	335
297	403
307	365
298	299
381	326
429	317
369	222
396	217
429	237
344	164
286	130
315	197
239	173
149	146
172	222
169	273
92	236
126	304
191	370
162	337
175	326
286	391
295	352
282	286
372	312
416	308
355	203
380	206
414	225
330	158
273	121
300	183
227	153
138	135
160	213
159	265
84	228
115	289
184	365
156	330
170	332
282	391
295	351
282	284
371	309
414	302
352	204
379	202
413	212
332	151
271	112
299	182
227	161
136	131
158	210
160	263
76	229
114	288
181	362
155	330
165	319
281	389
296	352
282	283
374	312
421	305
360	211
384	205
420	231
336	157
279	125
304	191
241	173
146	143
176	223
172	273
92	241
125	298
193	374
165	340
179	328
289	395
302	358
286	287
370	314
419	307
358	209
381	204
417	228
333	153
272	119
300	185
231	175
134	136
163	216
162	266
89	235
117	291
188	363
159	334
173	323
282	388
299	354
282	285
373	313
420	308
363	211
383	211
422	233
338	158
277	123
307	190
238	173
142	138
163	215
166	268
85	234
112	288
186	366
157	330
167	317
275	382
294	348
278	279
362	306
415	303
355	205
374	198
415	226
331	151
270	115
300	180
232	170
138	134
162	214
170	266
89	237
116	289
190	370
162	335
170	321
282	388
300	356
281	282
371	312
418	307
358	207
377	200
417	228
334	154
272	119
300	185
234	171
136	134
160	214
165	269
88	235
115	288
189	369
160	334
170	309
281	387
298	358
284	284
374	312
421	307
362	209
375	198
418	228
333	153
271	117
297	181
233	170
133	131
158	211
157	266
84	232
105	282
182	362
155	325
159	310
270	375
289	347
270	269
354	294
403	290
341	193
357	181
404	214
321	140
254	101
283	168
222	158
120	120
143	198
149	253
75	220
92	267
173	352
137	319
149	301
262	368
285	342
262	265
350	291
400	289
343	192
353	178
402	214
317	142
256	100
285	168
231	161
123	122
149	203
160	263
77	229
102	272
183	363
155	330
162	314
275	383
299	356
275	277
361	303
415	302
355	204
367	194
414	222
330	150
262	112
289	173
231	168
127	124
146	204
159	261
81	229
99	273
183	362
156	329
162	312
270	376
300	356
273	274
362	301
415	301
355	205
365	188
414	226
334	153
264	111
292	176
239	174
132	131
152	206
164	264
84	232
102	277
187	366
160	333
168	315
275	382
307	359
277	276
360	300
416	304
353	202
358	184
408	219
327	145
256	105
287	172
235	176
135	127
151	202
164	267
87	239
101	278
190	370
162	335
168	317
277	386
310	362
277	279
364	306
419	307
359	208
364	187
416	230
334	154
264	112
290	176
235	174
130	122
146	200
160	265
81	228
95	267
181	360
156	331
138	311
270	376
304	363
277	279
364	302
420	308
363	212
370	192
425	236
346	164
275	122
302	186
253	184
139	137
160	213
171	276
91	240
101	275
190	368
165	340
165	317
277	383
314	369
283	283
365	306
425	311
366	214
366	196
424	232
344	166
273	118
296	180
252	187
146	137
157	212
177	279
102	248
109	284
189	379
177	351
174	328
285	390
325	379
290	287
371	312
431	318
374	224
370	193
429	237
348	169
274	122
298	183
255	193
141	140
159	212
175	280
97	248
105	280
196	376
177	348
170	324
281	388
323	376
287	290
368	308
430	314
376	225
370	193
428	243
351	172
278	124
300	185
260	195
146	145
165	219
183	285
111	252
113	288
205	385
182	354
180	328
282	389
325	376
291	290
367	309
434	317
377	226
367	190
426	236
353	170
274	121
295	180
258	192
145	141
160	213
180	282
110	256
108	282
197	377
178	357
177	322
274	380
319	374
282	282
358	299
418	307
365	217
353	177
415	221
336	157
260	113
279	165
246	182
129	129
147	201
170	270
98	245
93	267
186	364
163	340
162	310
260	368
290	363
274	274
352	294
417	303
366	215
355	176
411	221
338	158
259	110
278	162
241	169
131	129
142	193
163	265
92	238
88	262
173	356
157	333
151	301
248	355
297	357
267	268
338	283
410	298
363	213
349	173
408	219
339	160
263	110
279	164
252	187
148	137
147	204
173	277
109	255
100	275
188	367
173	346
165	316
262	371
318	372
284	284
354	296
422	306
374	222
353	177
407	218
339	159
256	105
270	157
244	180
134	130
141	195
164	267
98	246
86	256
175	355
160	326
149	301
243	353
305	358
269	270
341	282
408	296
363	214
344	168
400	212
333	150
250	99
"delay,correlation"	
highshift: (milli*1000)-30	
highr: (*1000)905	
216	164
113	123
145	202
148	260
73	228
147	319
136	287
233	341
300	354
268	270
336	278
408	297
360	212
339	166
392	208
332	152
248	95
259	145
240	176
129	127
128	185
156	259
92	239
77	255
164	345
159	333
148	299
244	353
312	366
278	280
345	288
419	306
373	222
348	172
403	214
343	163
258	103
270	141
245	183
141	135
132	190
165	269
102	250
85	264
171	352
167	338
158	304
247	354
308	367
280	280
341	298
412	300
365	210
337	161
389	203
331	152
244	92
259	146
243	179
133	133
136	190
165	270
99	250
87	260
171	352
167	341
152	303
246	355
314	369
282	283
347	288
420	307
377	223
348	173
404	211
346	166
265	109
276	161
258	192
150	147
149	202
180	283
116	263
106	278
195	373
190	364
172	322
261	367
316	368
276	276
311	263
378	266
308	160
256	86
303	118
247	70
141	0
131	23
103	46
0	0
0	47
3	115
0	125
0	164
51	240
30	216
0	153
63	182
104	172
47	64
85	38
139	37
109	0
143	0
170	0
134	0
123	0
99	0
43	0
0	0
0	40
0	94
0	123
0	164
31	218
8	192
0	141
53	174
103	167
55	67
83	41
143	39
110	0
150	0
169	0
141	0
124	0
104	0
61	5
0	0
0	43
0	110
0	124
0	162
48	240
44	222
13	174
107	225
177	239
147	155
203	152
288	181
240	95
205	35
246	65
182	8
128	0
123	16
93	34
0	0
0	46
2	114
0	124
0	159
29	214
0	180
0	138
45	165
90	159
42	55
83	39
154	54
111	0
145	0
174	0
140	0
122	0
103	0
62	5
0	0
0	43
0	103
0	123
0	159
23	213
2	186
0	137
55	176
115	180
71	79
108	62
194	92
144	7
148	0
212	30
180	7
126	0
176	67
216	160
209	205
404	443
0	67
97	246
78	251
383	556
724	870
739	859
783	860
824	853
777	752
798	717
865	729
810	633
768	572
786	576
695	494
554	387
538	410
490	407
338	326
298	344
330	423
237	376
164	329
194	377
134	308
11	172
0	121
0	41
0	0
17	0
66	0
106	0
1023	830
1023	812
1014	803
904	719
907	763
880	787
720	691
667	696
704	785
602	726
534	690
618	779
610	768
543	677
629	722
703	743
638	624
667	594
768	638
691	527
621	436
680	481
624	432
479	317
485	361
476	398
328	316
289	338
348	444
263	404
211	381
311	487
326	482
268	416
374	479
469	517
416	411
455	394
571	452
499	357
458	276
528	331
486	300
351	192
366	248
367	298
229	222
194	247
258	356
176	321
124	299
228	407
250	420
195	344
299	407
397	450
349	347
387	329
505	398
451	295
392	212
459	268
418	235
281	125
292	177
293	224
156	152
121	176
186	290
109	255
57	235
164	346
189	363
121	287
245	353
345	401
300	302
342	284
465	348
416	262
359	181
431	243
401	217
263	109
278	160
292	220
152	148
117	174
190	294
118	266
70	247
178	361
210	384
154	307
260	370
364	421
324	321
356	299
479	366
429	275
368	191
435	243
403	220
261	108
273	158
279	218
147	141
105	160
174	273
92	245
38	219
142	325
171	349
113	268
217	328
323	379
275	280
307	249
432	319
382	231
317	142
384	195
354	179
213	60
225	112
236	172
112	109
70	128
148	253
79	227
29	206
132	317
175	350
120	273
225	335
336	391
300	300
330	274
461	348
419	264
361	184
433	241
416	233
283	126
299	182
316	249
194	186
149	205
228	328
162	305
102	280
207	384
249	418
190	341
298	406
412	464
374	370
396	331
518	401
466	312
397	219
455	265
433	247
286	135
293	178
310	237
175	169
117	176
194	297
124	271
64	241
161	345
202	378
141	292
239	350
348	404
314	315
336	281
462	349
417	264
355	176
415	225
400	217
263	104
266	152
279	209
159	152
103	162
178	284
117	263
57	233
154	340
208	382
148	300
245	359
363	417
331	328
349	291
475	359
430	278
364	192
423	237
417	230
272	118
274	160
290	227
167	164
108	164
183	289
118	261
59	234
148	333
204	380
145	297
241	351
353	407
325	324
337	281
464	345
423	271
356	179
411	222
407	227
264	112
267	153
288	220
168	163
107	166
182	284
122	268
59	236
148	332
207	381
149	301
225	354
356	414
329	331
341	285
468	353
431	275
362	184
413	223
409	228
269	113
270	154
288	220
170	166
106	161
166	283
117	265
56	233
142	327
203	377
146	295
237	350
352	407
326	325
337	278
457	351
422	269
348	174
403	211
404	220
260	109
261	148
281	214
164	160
99	155
170	274
112	259
51	230
137	322
205	374
140	292
231	341
345	397
321	320
326	269
456	338
416	267
347	169
396	209
398	215
263	109
257	143
278	212
163	159
94	150
166	271
111	264
47	227
134	319
199	370
131	296
233	346
348	406
327	326
330	275
456	344
425	271
351	175
404	213
406	229
267	112
261	146
278	215
164	159
96	153
170	269
112	260
47	224
134	317
197	372
141	296
232	340
348	405
322	324
327	269
451	340
423	276
351	175
400	201
403	221
268	112
260	148
283	216
166	163
92	151
167	272
115	263
50	228
136	321
202	382
146	299
232	343
353	401
325	325
330	273
451	338
423	265
351	173
404	211
404	222
269	115
258	148
282	216
167	163
95	153
164	270
113	263
48	227
133	318
200	374
143	300
226	339
350	404
325	324
327	268
450	334
417	268
345	170
398	206
403	219
267	112
254	140
260	210
163	159
89	146
160	265
111	258
42	222
129	314
196	370
143	296
225	337
345	400
321	319
325	268
446	331
418	266
345	170
394	206
399	216
265	110
252	140
277	214
161	158
90	148
157	262
112	261
45	223
131	316
204	373
148	298
228	337
348	403
323	323
323	263
441	329
421	268
346	168
394	205
404	217
269	115
252	138
277	209
162	158
91	145
154	259
111	258
43	222
128	314
197	372
146	296
223	333
347	402
323	323
323	266
441	329
417	269
345	168
396	208
403	222
271	118
253	141
282	216
165	162
92	144
157	264
116	275
47	225
134	321
201	376
151	304
230	340
352	409
328	327
329	272
443	329
424	274
350	174
401	212
406	223
275	122
257	141
280	219
169	163
92	149
156	261
117	264
43	222
130	317
203	377
153	305
225	340
352	405
325	327
325	266
441	327
426	277
347	171
395	205
407	223
275	119
255	140
283	220
167	161
90	147
155	263
116	260
44	222
131	316
204	378
153	305
226	337
352	406
330	330
324	268
437	329
427	277
348	170
401	210
407	224
276	123
251	138
284	219
166	163
92	147
155	260
120	266
44	223
131	316
207	380
156	305
224	336
352	408
329	329
323	266
440	327
432	275
344	171
397	208
409	222
275	123
249	135
281	214
165	164
87	146
153	258
122	268
43	219
128	314
203	379
155	305
221	333
354	408
329	327
323	264
438	325
433	277
349	168
394	205
408	224
276	127
247	134
283	216
168	165
89	145
153	257
123	268
46	222
130	313
205	381
156	313
218	330
353	409
331	330
323	265
440	326
433	279
345	168
394	204
408	225
278	124
248	134
285	217
170	167
87	145
154	258
125	272
41	218
130	313
207	381
155	301
217	329
354	408
331	326
320	265
439	326
434	283
343	166
392	202
407	224
276	121
242	129
282	216
170	164
85	144
149	254
126	274
42	220
127	311
203	378
155	306
212	324
352	405
331	330
320	265
434	322
437	283
344	168
388	200
407	224
277	121
238	128
282	215
169	168
84	139
147	253
134	274
39	217
140	310
204	379
150	305
206	321
350	409
330	330
317	262
435	312
438	286
340	163
393	200
405	223
278	121
239	123
280	213
171	168
84	140
148	253
132	276
40	218
122	307
204	378
156	297
209	319
352	406
331	333
317	261
434	322
441	283
335	164
386	197
408	224
276	116
234	120
281	215
172	166
81	138
144	251
131	276
40	215
114	304
201	379
155	306
205	316
349	404
332	331
316	260
430	329
441	291
340	162
384	195
405	224
276	121
228	111
278	213
170	169
79	136
140	248
130	276
37	216
114	301
201	376
155	307
201	312
346	404
330	330
312	253
428	313
442	284
337	162
381	192
401	221
277	123
226	115
278	212
172	168
81	135
137	246
134	278
35	216
116	302
201	376
159	312
202	315
351	406
334	330
316	259
428	316
443	290
332	165
381	194
410	225
282	126
229	116
277	213
177	173
80	137
143	247
134	281
40	217
115	300
205	385
163	314
199	311
348	405
335	333
315	258
424	311
446	298
342	166
379	189
412	225
284	130
228	103
279	212
176	173
80	135
138	244
135	283
41	218
114	301
206	379
165	316
203	313
348	404
335	336
317	259
423	310
449	293
343	167
383	194
409	221
289	134
229	114
278	213
177	174
80	138
135	242
138	283
41	223
117	300
206	379
170	320
202	313
350	406
342	335
315	259
419	307
445	293
343	165
379	192
409	227
289	134
226	111
278	214
178	169
79	137
128	236
139	283
39	220
113	298
206	379
172	322
199	311
346	401
338	336
315	258
416	305
448	292
343	162
378	190
408	229
297	138
228	112
274	208
175	171
76	131
125	232
136	281
42	220
109	296
206	379
174	321
190	310
345	401
338	338
315	257
411	301
453	294
351	169
378	190
409	226
300	154
227	114
276	211
181	177
80	138
127	235
143	286
49	224
116	300
209	380
179	328
200	312
348	401
343	342
313	258
418	298
450	297
347	175
376	190
411	227
299	143
225	112
269	207
180	176
80	134
120	228
137	285
43	220
108	294
206	381
177	326
196	307
335	394
336	337
309	251
404	292
446	292
344	167
371	183
405	222
295	139
216	123
265	201
171	167
66	126
114	214
130	278
40	215
100	282
188	374
169	322
187	296
332	391
334	334
309	249
401	284
451	291
344	167
370	181
409	224
299	141
217	105
266	201
178	172
76	132
118	225
140	289
48	226
108	296
211	384
183	335
199	311
346	402
347	351
320	263
416	303
462	310
366	187
385	198
426	243
331	160
234	120
282	216
193	188
85	146
128	237
153	298
57	234
114	300
214	388
186	334
197	309
341	397
339	343
318	256
409	293
453	297
352	171
369	181
411	226
299	143
214	103
257	196
177	173
77	127
108	217
136	281
43	221
98	284
202	377
174	325
183	295
326	378
334	334
299	243
388	280