385;358
439;385
331;267
284;211
342;264
249;177
142;84
183;143
171;151
57;64
104;131
177;229
123;182
138;215
279;352
277;342
255;312
373;408
416;428
334;326
384;353
439;384
336;269
285;209
344;264
251;177
142;85
182;141
171;151
62;64
102;125
179;230
119;183
145;214
281;351
273;340
254;311
375;409
415;429
337;328
384;354
439;384
328;268
284;211
340;263
248;175
140;86
183;143
170;151
56;63
102;131
179;224
128;186
141;213
283;354
275;340
253;310
374;408
414;429
334;324
385;355
439;384
335;267
286;206
339;264
248;174
141;86
185;145
171;151
56;65
103;132
176;224
122;186
140;214
282;360
275;342
255;311
374;410
417;429
333;326
376;354
447;385
331;267
284;211
343;266
248;187
142;85
184;144
171;153
59;64
104;136
178;224
123;187
142;214
281;354
272;341
255;310
373;410
415;428
338;326
384;356
440;384
333;269
284;210
342;264
247;178
142;85
186;146
170;151
57;67
104;132
178;225
120;184
142;215
284;353
275;338
253;311
373;411
416;427
333;325
385;354
439;384
335;265
286;211
345;261
246;171
140;85
188;146
171;148
52;62
101;133
179;224
123;186
141;215
283;357
274;340
255;312
374;405
411;427
328;326
383;356
439;385
332;266
284;209
343;257
251;176
141;85
188;146
171;149
55;62
108;133
180;224
119;179
147;216
282;356
275;341
250;309
377;410
417;427
333;326
387;353
439;385
332;265
285;212
344;266
247;170
145;84
188;142
171;151
57;64
103;131
177;224
119;184
144;215
281;351
274;340
255;316
378;412
415;428
331;326
385;354
440;383
332;264
285;213
344;264
249;174
142;86
186;142
170;149
54;59
103;133
179;224
120;182
143;216
281;354
278;340
254;312
374;409
415;426
330;326
387;358
447;384
329;262
287;217
344;263
253;175
138;86
189;143
170;149
55;64
105;134
178;225
121;184
143;217
282;350
274;339
254;313
375;411
415;422
332;323
387;354
438;383
331;262
285;211
343;258
245;173
140;85
188;148
169;148
56;61
100;132
177;225
116;180
142;215
282;353
272;343
254;307
374;412
413;426
332;325
386;358
437;382
331;263
285;215
339;263
241;172
141;85
186;145
168;147
55;62
102;131
176;223
120;181
141;213
281;353
272;341
255;311
377;410
414;426
333;326
387;356
437;382
331;268
287;214
344;266
247;175
141;81
187;146
169;150
57;64
105;132
177;223
118;182
141;215
278;352
273;346
253;309
377;412
413;423
331;321
384;353
435;380
328;261
287;211
342;263
244;175
141;81
186;146
167;145
52;60
101;132
176;222
116;179
141;215
282;352
270;338
254;310
378;412
409;423
329;320
389;351
436;380
327;259
286;211
343;263
244;172
141;83
187;141
167;146
57;61
103;133
176;223
116;181
148;217
284;354
278;339
257;313
381;413
402;425
329;324
389;355
437;384
331;263
286;215
345;266
244;174
143;86
189;148
169;149
56;64
106;135
177;223
118;182
143;213
286;356
274;341
256;309
377;414
414;428
333;326
389;357
439;384
330;264
288;215
345;265
248;175
143;92
191;145
171;150
56;66
106;136
178;224
119;183
145;219
282;355
274;341
257;312
380;415
414;426
334;327
387;358
439;383
331;263
291;215
347;266
248;174
144;87
192;150
171;153
57;66
106;136
179;225
118;181
145;222
284;355
273;340
255;313
378;414
415;426
324;326
372;358
439;385
329;262
287;214
344;265
247;175
144;91
192;149
167;148
58;63
105;136
180;223
117;177
146;219
283;353
271;337
255;312
377;413
414;426
332;325
388;358
438;383
328;262
285;215
344;265
249;173
143;80
189;147
166;146
54;62
105;129
178;224
117;180
144;219
283;353
273;338
254;312
378;413
413;429
333;326
394;359
439;384
329;265
289;216
345;265
246;173
145;85
192;147
167;147
56;62
102;135
176;227
115;181
145;219
282;354
272;340
258;313
380;414
414;426
334;328
390;359
439;384
331;263
291;217
342;265
248;179
145;88
191;149
167;148
55;63
105;137
178;221
114;182
147;220
283;355
275;334
257;311
381;416
414;425
335;327
390;359
439;387
328;264
286;213
333;265
246;173
143;88
190;143
164;145
56;63
104;133
178;222
118;179
146;222
282;354
273;339
256;314
379;416
416;427
334;327
392;359
438;383
331;266
293;217
345;266
248;175
145;88
188;150
168;145
59;65
107;136
178;222
117;179
147;221
284;353
275;341
259;314
382;418
417;427
333;331
390;360
440;385
331;265
294;219
345;266
245;174
146;88
192;151
166;144
59;66
106;135
177;223
117;181
149;226
284;351
275;331
261;315
385;418
417;428
342;332
399;366
445;391
337;271
301;222
351;271
254;178
154;96
205;162
188;167
100;105
169;198
258;298
221;281
276;337
442;504
504;560
596;642
725;745
731;730
631;616
665;621
691;618
562;477
505;426
541;456
425;350
315;252
349;300
298;284
191;194
233;257
291;334
224;288
249;317
379;445
356;424
343;396
459;492
484;491
402;391
455;422
497;441
384;315
341;268
394;320
289;216
188;127
228;190
205;183
90;97
141;169
209;253
142;209
176;250
308;378
297;363
281;337
405;444
438;440
355;346
412;380
457;400
345;278
309;236
361;282
259;187
159;102
206;165
178;155
67;80
121;147
187;231
125;188
159;232
292;363
279;345
264;319
387;423
406;427
339;332
403;368
443;391
331;264
298;226
349;270
247;174
147;91
197;156
162;145
64;66
112;141
180;225
117;181
154;227
286;356
271;324
258;315
384;418
397;419
332;327
394;366
435;382
326;260
295;221
346;267
243;173
144;86
195;153
161;142
56;69
111;140
178;223
115;180
152;227
285;357
270;342
259;316
384;419
410;421
335;327
395;362
438;383
327;261
295;220
350;267
242;171
143;89
195;154
161;146
56;63
114;140
176;224
114;179
153;227
283;356
268;335
258;314
384;422
407;425
332;327
394;362
438;383
326;258
296;223
346;266
240;170
150;88
195;153
162;140
54;63
107;139
176;222
113;179
153;225
282;348
263;333
263;313
382;416
405;416
330;322
391;360
435;379
323;256
294;221
344;262
239;165
143;85
192;151
158;138
53;58
108;140
171;220
109;176
150;224
282;352
264;331
254;312
380;416
404;415
331;323
394;358
432;381
323;256
296;222
341;263
238;168
143;88
200;152
159;140
57;61
115;140
181;221
108;177
152;235
283;354
267;342
257;314
382;417
404;412
330;324
392;360
436;379
324;248
296;222
345;263
242;168
147;88
195;150
161;140
58;68
115;141
178;223
114;178
153;228
285;354
273;336
258;314
381;419
405;416
332;326
393;360
437;380
326;260
294;224
342;265
241;169
144;89
194;157
161;135
55;63
112;141
179;224
113;178
151;227
284;357
270;336
258;315
381;418
404;416
332;322
393;359
438;379
325;258
296;221
344;263
239;168
142;96
194;153
159;140
55;58
112;140
180;223
118;178
155;229
286;356
269;335
251;314
385;419
410;418
333;327
395;361
438;377
321;258
293;224
346;266
239;156
145;87
196;154
147;141
55;64
112;147
179;224
112;179
154;234
286;358
270;337
258;311
383;417
406;417
334;329
395;362
439;387
325;260
301;224
347;267
245;171
147;89
197;155
162;141
59;65
110;143
180;226
109;179
157;230
287;361
271;337
246;316
386;421
406;415
326;330
398;370
441;384
328;262
300;233
347;268
246;172
148;89
198;156
163;142
56;66
114;141
179;225
113;177
157;230
285;354
269;336
256;313
383;412
398;414
333;326
393;362
437;385
323;258
299;225
345;264
238;174
142;86
193;153
156;136
53;62
109;137
175;221
109;173
153;223
280;351
264;331
252;310
379;414
397;410
328;322
388;357
438;377
319;252
295;220
341;260
231;162
154;82
190;151
157;128
50;56
104;135
171;218
109;171
151;226
277;348
262;329
251;314
378;413
397;408
327;321
389;357
420;377
319;253
295;219
339;260
234;163
140;82
190;149
152;131
52;58
107;135
173;219
108;173
155;229
280;351
265;332
255;314
384;420
400;413
333;327
394;363
436;382
325;258
301;227
352;264
243;170
146;89
198;156
157;136
59;64
114;142
177;223
114;177
160;233
284;356
270;338
261;316
391;422
403;416
335;328
396;368
441;385
326;260
304;225
345;266
241;170
141;88
194;155
157;136
56;64
114;140
178;221
112;176
158;227
282;354
274;335
258;315
386;420
400;413
335;324
395;366
435;380
325;256
298;227
346;264
238;167
143;83
195;152
153;131
53;70
109;138
174;218
109;173
153;227
280;359
263;329
255;313
381;416
396;417
331;323
390;361
432;378
321;254
299;224
339;260
235;164
138;82
192;150
149;131
52;59
110;137
173;218
108;172
153;230
281;350
263;331
256;316
383;417
395;410
330;325
397;361
432;379
320;254
299;226
342;262
235;167
142;86
195;151
153;137
55;61
108;140
171;219
109;173
158;232
280;351
264;331
257;313
383;418
398;410
331;326
397;362
435;381
320;255
303;229
347;264
234;165
145;87
196;154
151;133
57;63
112;142
174;220
109;175
165;234
284;349
265;318
258;314
388;420
396;409
333;324
393;365
437;380
321;256
303;228
344;263
234;164
145;90
198;157
152;133
56;62
116;144
175;221
116;176
159;234
282;351
262;330
259;315
384;421
395;410
330;324
395;364
431;380
311;249
303;226
342;262
236;163
146;89
196;154
152;131
54;65
112;141
172;220
111;174
160;232
281;352
259;329
257;314
384;420
399;407
329;321
397;362
433;378
319;253
300;228
341;261
235;163
145;86
198;154
148;131
54;61
115;142
173;215
101;172
165;234
279;351
263;329
258;315
386;420
394;408
331;324
394;362
432;377
318;252
305;227
341;262
235;163
144;90
196;154
150;130
54;68
114;140
173;218
107;171
161;233
281;350
259;329
261;313
382;419
393;406
330;325
383;363
432;377
317;253
301;230
343;263
236;164
145;88
200;156
149;130
60;63
116;144
174;220
106;171
162;235
276;353
263;330
258;316
388;421
395;406
333;326
397;364
431;379
321;254
306;227
345;265
240;164
146;90
203;158
151;132
56;66
114;143
174;219
110;175
161;236
284;353
265;331
258;316
384;423
395;407
335;327
399;373
434;379
322;254
307;233
345;265
236;164
146;90
201;155
149;131
57;68
116;145
171;218
103;170
160;234
279;346
261;327
257;311
385;419
376;404
330;324
400;362
434;374
311;250
303;229
338;259
233;160
146;86
195;153
146;124
51;59
111;139
168;220
100;165
156;229
272;346
255;323
253;309
380;417
381;400
324;319
388;358
428;370
309;244
298;223
336;256
227;156
140;84
194;151
140;124
60;59
115;139
168;212
101;166
159;232
278;348
259;325
257;315
385;421
390;398
331;323
395;364
429;376
310;249
305;229
342;261
233;162
144;86
200;157
149;128
62;65
116;145
173;220
108;172
167;239
284;355
265;333
263;318
392;427
395;408
336;324
399;369
437;381
321;247
308;235
347;267
239;167
149;94
202;161
151;133
60;67
118;146
174;221
109;172
167;238
281;352
262;331
258;317
390;424
392;404
331;324
395;363
428;375
313;248
303;230
339;258
233;161
143;85
194;156
143;126
52;63
113;143
172;218
106;170
160;236
281;351
260;330
259;316
389;420
392;405
333;326
397;364
431;377
316;246
307;231
341;261
234;162
145;89
205;159
147;122
56;64
116;142
173;218
105;170
164;236
281;352
262;330
264;316
387;425
391;404
334;325
397;364
432;377
315;249
306;233
342;263
236;170
147;89
202;159
148;128
58;62
115;141
173;219
104;169
162;235
280;352
263;326
261;316
390;425
392;406
333;324
398;368
431;377
316;250
307;233
343;263
236;165
148;91
203;161
149;129
58;65
112;145
172;219
104;169
164;237
287;353
262;332
260;317
388;428
395;406
333;326
398;365
433;378
316;252
309;235
342;261
239;165
148;92
202;162
149;130
57;65
114;144
173;217
102;169
166;238
282;353
263;331
261;318
393;428
391;404
334;327
398;365
430;377
315;249
307;234
344;263
237;165
148;89
205;163
147;129
59;64
115;143
173;218
102;169
165;233
280;350
262;330
261;317
392;428
392;402
334;328
396;364
430;376
313;248
307;233
342;265
233;164
147;90
206;161
146;127
56;64
113;141
169;216
100;165
160;234
279;350
261;327
258;322
391;425
388;400
331;323
393;361
427;372
308;244
303;228
336;257
231;159
144;86
197;157
142;122
53;60
109;138
160;211
95;160
157;231
272;342
254;328
250;308
387;417
385;393
326;317
386;347
420;366
301;235
296;222
332;251
224;153
136;82
195;154
130;118
49;56
106;134
162;208
92;158
155;228
272;342
252;320
258;309
385;419
384;395
326;319
389;355
422;368
305;240
302;226
336;255
231;159
145;87
203;161
142;124
56;60
111;140
170;216
100;165
151;238
279;351
263;328
263;319
395;427
393;405
335;327
400;367
433;377
314;246
312;235
345;268
240;169
154;95
215;170
153;131
62;69
119;147
175;220
105;169
170;242
284;353
266;332
266;322
399;431
392;406
337;329
399;367
432;379
312;244
310;234
342;262
243;165
147;92
207;166
147;126
55;65
115;143
173;216
100;161
165;237
281;350
263;329
261;317
395;428
389;403
333;326
382;365
432;375
311;244
309;234
340;263
235;163
148;90
208;166
146;127
49;65
116;144
169;216
96;163
166;239
279;349
263;328
262;319
397;432
391;404
335;326
400;366
431;377
313;245
311;236
344;262
235;164
151;93
211;169
148;125
61;67
117;146
172;218
100;164
164;240
283;352
264;329
263;319
399;434
392;404
336;326
399;367
431;376
309;244
310;235
341;261
230;164
151;94
211;169
146;127
60;67
117;145
169;217
99;163
166;239
280;351
263;328
264;320
399;431
391;403
334;327
400;367
430;376
311;244
310;235
340;261
236;163
147;96
212;169
147;126
58;66
119;146
172;221
98;164
165;241
283;350
267;329
265;323
401;433
391;403
334;327
401;367
431;376
307;243
314;235
342;262
234;161
154;97
210;170
145;127
58;66
117;148
170;217
97;161
168;241
279;351
261;329
265;322
400;434
390;403
334;327
400;367
429;375
306;241
310;233
340;260
231;160
155;92
208;166
141;121
54;61
113;141
163;208
88;153
157;230
273;340
249;317
252;311
389;425
380;393
325;317
391;359
419;366
297;232
301;226
330;253
222;150
143;86
201;159
134;116
48;54
108;138
157;205
82;147
154;228
267;338
248;313
255;313
389;424
378;391
326;317
392;360
417;366
294;231
302;226
327;251
222;151
145;88
204;163
135;116
49;58
111;140
160;207
85;151
162;232
272;343
250;317
260;317
395;431
383;397
331;323
401;368
428;373
305;238
310;236
340;261
231;158
155;98
216;173
147;125
61;69
119;152
172;216
97;161
172;245
284;355
261;326
271;326
405;439
392;405
339;332
411;377
434;379
311;243
316;241
346;264
235;160
159;101
224;177
149;129
64;72
128;155
174;220
100;163
173;247
283;354
261;326
271;326
407;442
386;404
341;332
411;379
433;378
307;241
315;241
343;264
229;157
158;102
219;177
148;128
66;70
126;155
175;218
98;162
173;245
282;352
259;325
269;326
406;439
390;403
338;330
410;377
429;373
300;239
314;238
341;261
226;154
155;98
216;175
delay,correlation
highshift: (milli*1000)-15
highr: (*1000)902
110;99
89;107
189;223
152;203
117;187
239;312
283;354
233;297
328;376
422;446
359;364
366;348
458;414
386;325
298;227
345;268
305;227
164;99
177;126
205;169
94;86
79;95
178;212
139;193
108;180
233;305
277;345
225;290
321;369
415;440
352;357
360;343
453;410
377;317
294;223
343;264
301;222
163;97
176;124
201;165
91;84
78;96
175;211
137;191
108;178
231;303
274;344
225;290
320;368
414;438
351;357
359;343
453;409
376;318
294;224
340;263
299;220
163;97
178;127
201;167
91;83
80;97
177;211
136;190
107;176
233;304
275;344
224;290
324;371
413;439
350;355
364;345
454;409
379;319
293;224
344;265
300;223
165;99
180;128
203;169
94;85
82;100
179;213
138;193
110;179
235;306
277;346
229;293
327;374
419;441
353;358
366;348
454;411
379;316
293;223
343;264
297;220
162;96
177;124
199;166
87;78
79;95
173;205
130;184
103;173
226;299
266;335
219;282
316;365
406;431
342;348
356;339
444;401
369;310
286;217
335;258
289;211
154;89
172;120
193;161
81;74
75;92
169;204
126;182
103;172
227;298
263;334
220;285
318;367
410;434
346;350
360;343
450;406
374;315
291;221
342;265
295;218
162;97
180;129
200;167
90;83
86;102
179;214
137;187
111;181
237;308
278;341
229;296
328;377
418;444
354;361
370;354
459;413
382;323
299;227
350;271
299;220
167;102
185;133
205;170
94;87
90;106
182;216
140;193
114;183
239;310
274;344
231;296
329;377
419;444
355;359
371;355
455;412
379;320
297;228
348;269
297;219
166;101
182;131
203;168
90;82
88;103
178;212
134;188
108;180
235;306
269;339
226;294
323;371
413;439
347;349
367;350
451;406
372;314
291;222
342;263
290;213
159;95
177;125
196;162
84;75
81;98
170;205
127;181
102;172
226;299
259;329
218;284
318;367
406;431
341;347
362;344
444;401
367;309
287;218
338;260
287;208
155;92
174;123
194;159
82;74
80;98
170;205
127;181
104;174
230;302
263;332
221;286
324;371
413;439
345;350
367;351
452;407
369;311
293;222
344;264
288;212
162;98
181;128
198;164
86;77
87;104
175;209
130;185
109;179
233;305
263;334
226;290
325;374
411;437
346;353
368;351
450;407
371;313
294;225
345;267
289;211
162;98
182;130
200;166
88;80
90;107
177;211
133;188
110;180
237;309
268;336
229;294
329;376
415;439
351;356
375;357
453;405
375;314
294;225
347;269
290;212
165;99
182;131
198;165
87;80
91;107
176;210
132;184
108;178
234;307
264;333
225;291
326;375
412;437
346;353
369;353
452;410
371;313
293;223
344;265
285;208
160;95
177;127
195;161
83;75
87;103
172;206
128;182
106;177
234;306
260;332
223;290
326;374
411;435
346;351
372;354
450;407
373;313
295;225
346;267
287;209
163;97
182;131
196;162
85;77
89;106
173;208
130;185
109;179
234;306
261;331
224;290
328;376
410;435
346;351
373;355
451;406
372;313
295;225
347;268
288;207
162;98
183;130
196;160
84;77
90;107
175;208
129;184
109;178
236;310
262;332
226;292
329;376
412;437
345;351
375;358
452;408
373;313
295;228
348;270
288;210
165;99
184;135
198;163
84;77
93;110
176;211
130;185
111;181
238;311
263;333
229;294
330;378
411;437
347;352
375;357
452;408
374;314
298;227
348;270
286;208
163;104
185;134
198;164
84;78
91;108
176;210
129;183
110;180
239;310
261;331
227;292
329;376
411;436
345;350
375;358
452;407
373;313
297;226
350;271
285;208
164;100
182;132
197;162
85;77
95;111
176;211
130;185
111;182
241;311
262;331
229;293
331;377
412;437
345;351
374;357
450;406
371;312
297;228
348;271
285;208
163;99
183;131
197;162
83;75
93;108
174;209
128;182
111;178
239;310
258;329
225;291
328;374
409;435
344;348
376;358
449;407
372;313
297;227
350;270
283;207
164;98
184;132
197;163
81;73
91;110
173;208
128;182
111;179
239;309
257;331
226;291
327;374
409;434
342;347
375;357
450;406
370;311
296;226
351;270
284;207
164;99
184;132
196;162
82;75
94;110
174;208
130;184
113;183
242;314
259;331
229;293
331;377
412;438
344;348
378;360
452;408
372;314
298;228
352;274
285;208
165;101
184;132
197;161
83;74
94;111
174;206
129;184
112;181
241;313
259;329
228;292
328;376
410;435
340;347
378;360
449;406
370;311
296;227
350;271
281;205
163;98
182;130
194;161
79;72
93;109
173;207
127;183
111;175
242;313
257;328
227;291
329;378
408;432
340;348
377;358
449;405
372;314
298;228
353;275
282;206
165;98
184;132
197;164
80;74
96;111
174;210
129;186
114;183
244;316
263;330
230;295
332;378
411;437
342;347
379;361
453;409
374;315
299;236
356;278
285;210
167;102
185;133
195;163
80;72
98;113
175;211
131;185
113;183
245;318
259;330
228;292
335;381
410;435
341;348
380;362
451;406
373;315
300;230
356;276
284;208
165;99
185;134
194;161
80;72
96;111
175;209
129;183
113;184
245;317
259;329
229;292
330;378
408;434
338;345
379;360
450;406
370;311
298;228
355;276
282;205
164;98
183;131
194;160
77;69
94;111
173;207
127;181
112;182
245;318
257;327
228;293
331;375
407;433
339;344
379;357
451;408
372;313
299;233
358;278
282;206
166;101
184;135
195;161
77;69
98;112
173;207
129;186
112;179
246;319
257;327
227;292
329;377
407;430
336;340
377;360
449;405
368;309
297;228
356;277
279;204
164;99
185;134
194;160
74;52
96;110
173;208
127;182
113;182
248;320
255;327
228;291
330;378
407;434
337;342
381;362
450;406
364;306
315;246
362;281
259;183
163;101
210;162
167;139
61;61
113;133
170;208
103;162
143;213
266;337
249;319
241;305
369;411
390;414
327;328
393;370
441;394
332;269
312;241
358;278
253;175
161;94
209;159
166;136
61;58
111;131
169;207
99;158
144;215
266;338
249;319
240;305
370;413
389;411
328;331
398;373
442;395
333;272
317;244
361;279
256;182
162;100
211;162
166;136
63;60
114;133
170;208
101;160
147;215
266;338
250;318
243;305
372;409
388;410
328;332
396;373
441;393
332;271
317;243
359;278
254;189
161;99
210;161
162;133
61;60
112;131
168;206
97;158
144;219
264;333
245;315
239;303
368;410
383;404
326;327
393;370
437;389
329;269
316;244
357;279
254;180
160;98
210;161
162;133
62;60
115;135
170;209
101;160
147;219
268;341
250;319
245;309
375;416
389;410
331;333
400;373
443;393
334;273
321;249
362;286
257;188
166;103
214;164
164;135
64;62
116;134
170;207
99;159
149;218
266;337
248;318
243;305
373;412
386;407
326;327
396;371
437;389
328;249
318;245
358;280
252;177
161;94
209;162
158;131
60;58
121;135
167;202
97;159
149;218
265;336
248;319
244;307
374;418
386;407
329;330
396;375
439;392
328;265
320;247
357;278
253;176
163;98
212;163
159;132
60;59
113;133
164;205
95;154
148;218
261;336
246;315
246;306
374;417
385;406
330;332
399;376
441;395
331;270
323;249
361;281
255;181
166;103
216;167
160;134
63;62
115;135
166;205
95;160
150;220
265;338
246;318
244;306
375;416
385;407
328;331
398;373
439;391
328;268
324;249
360;280
255;180
166;103
217;166
161;129
65;63
116;135
169;207
97;156
152;227
266;335
248;318
246;307
377;418
385;409
331;332
399;377
440;393
329;267
322;249
360;281
255;180
164;101
216;166
159;130
61;59
114;133
165;205
94;153
148;216
264;335
244;313
239;305
374;417
380;404
326;319
396;372
437;389
325;264
320;247
358;278
248;175
162;100
215;165
157;129
61;59
114;134
165;210
94;153
151;226
265;336
246;317
245;311
376;421
384;407
330;332
399;376
441;389
328;266
324;252
361;285
257;182
167;114
221;171
160;129
66;65
118;138
168;208
97;155
154;224
268;339
251;322
249;310
381;418
386;405
333;331
400;376
440;394
327;266
323;251
362;277
255;177
170;103
219;170
158;130
62;61
113;129
165;204
93;151
151;218
264;334
242;317
245;308
380;423
382;405
330;329
398;373
437;390
323;262
322;250
358;277
254;178
166;103
219;169
157;128
63;58
114;134
166;204
91;151
152;221
263;335
246;317
246;308
381;417
382;404
329;332
397;375
438;387
321;262
323;251
358;281
253;179
164;101
220;170
158;128
63;61
114;135
166;205
88;153
153;222
265;337
247;317
248;312
382;424
385;405
331;334
401;378
433;391
325;262
323;252
359;282
255;182
168;106
224;175
160;131
64;64
115;137
167;206
90;150
152;223
265;335
249;312
249;311
385;427
384;408
331;334
400;378
439;391
325;263
325;249
362;280
255;181
168;107
225;177
159;131
60;63
118;139
167;204
91;150
154;225
266;340
247;321
250;312
385;427
382;405
331;332
401;377
437;391
321;262
325;252
357;276
251;174
165;93
222;172
154;126
61;61
113;135
162;200
84;142
151;221
261;332
243;308
245;314
383;424
379;395
329;331
398;375
419;387
319;257
319;250
357;276
250;176
166;106
224;175
150;127
63;61
118;138
164;203
86;146
153;222
264;335
245;311
251;313
388;429
380;402
331;333
401;377
435;388
317;255
325;253
356;277
249;179
159;104
223;173
149;123
62;62
119;138
162;201
82;145
151;216
261;333
241;311
248;312
383;428
378;400
329;331
403;380
434;376
315;255
322;251
356;276
249;173
168;105
226;176
153;131
63;61
119;137
162;202
82;141
153;223
261;334
233;310
252;315
388;429
381;420
330;333
404;383
437;388
315;255
325;255
360;277
246;171
172;108
228;178
154;126
66;63
123;143
164;202
82;142
155;225
263;334
236;308
251;312
391;430
379;400
332;331
408;390
435;393
314;258
325;251
357;274
245;172
171;113
230;179
157;127
62;63
123;144
164;202
82;142
155;225
264;332
237;311
251;313
389;432
377;398
328;335
407;385
430;385
312;259
326;253
356;276
243;168
169;106
222;179
154;121
64;62
127;146
158;197
79;140
154;225
257;332
233;304
250;315
390;432
366;398
332;333
411;389
433;379
313;253
326;254
357;277
240;161
172;109
231;179
152;125
65;64
129;148
158;200
82;140
157;227
263;330
232;302
251;314
391;436
378;398
333;333
414;390
433;384
313;253
329;262
358;277
240;165
176;110
232;181
152;127
64;61
138;153
159;199
80;140
155;215
279;333
225;300
253;316
394;435
378;399
333;334
416;393
432;385
312;252
330;257
359;273
239;162
172;110
232;182
151;122
67;65
144;153
158;197
79;140
158;227
262;327
224;295
258;313
391;432
373;397
329;327
416;397
428;381
309;249
327;252
354;277
232;157
171;108
230;178
150;121
75;61
134;153
158;198
77;136
155;224
258;329
225;292
251;313
392;433
374;396
331;320
418;394
427;380
310;249
328;254
356;278
233;156
172;111
232;182
155;121
67;65
137;161
157;196
78;136
157;229
262;332
225;292
255;317
394;432
376;397
333;337
422;401
431;382
312;254
330;261
357;284
233;157
177;114
236;184
151;124
69;66
143;164
160;196
81;137
162;229
262;334
224;295
256;312
395;436
374;398
333;337
424;399
429;382
311;252
320;259
356;277
231;157
168;113
233;183
141;121
65;63
140;160
156;193
76;138
158;228
259;332
218;288
251;312
404;432
369;388
329;330
419;397
423;376
306;246
328;255
352;270
224;150
173;108
229;181
143;115
67;61
137;155
152;191
77;133
156;226
260;328
216;286
254;315
399;432
370;392
331;335
424;400
426;378
311;248
329;258
353;275
225;150
177;111
231;181
155;118
67;63
141;160
154;192
81;137
162;230
259;332
218;292
257;318
393;435
370;393
339;333
426;401
425;384
309;249
332;260
355;274
225;148
177;116
233;186
147;119
66;64
145;162
154;193
77;137
162;232
260;329
219;291
257;311
395;442
371;382
333;334
428;403
426;377
311;251
334;262
356;274
224;152
183;116
235;184
147;119
65;63
144;163
150;191
75;136
161;231
258;328
215;286
259;319
392;434
367;390
331;332
424;405
422;372
305;247
333;261
355;277
224;151
180;116
234;181
145;118
67;65
145;164
151;190
79;139
164;232
263;332
222;290
262;323
397;443
371;394
336;334
431;404
423;375
312;251
332;265
357;276
226;152
178;119
234;184
144;115
68;66
145;165
151;189
78;140
166;232
263;331
221;288
262;324
396;435
370;391
325;335
431;405
421;372
312;247
341;266
355;277
226;151
185;119
231;186
151;117
69;65
148;171
149;189
78;139
166;233
260;331
215;286
262;324
394;434
366;390
332;333
428;404
418;372
314;249
333;264
358;273
219;148
184;120
233;183
142;115
67;65
145;163
145;182
75;137
162;231
256;329
211;284
262;321
389;426
364;385
329;330
425;401
414;369
305;244
332;259
348;268
218;142
181;115
227;170
137;108
61;59
139;158
142;180
71;134
161;230
252;325
211;283
261;320
392;431
363;388
331;332
426;401
411;359
308;246
332;263
349;269
218;144
183;125
229;178
137;110
64;58
139;163
138;179
74;135
163;233
256;326
212;285
264;325
391;431
360;387
332;332
429;405
414;371
309;253
336;264
347;272
219;149
186;124
231;185
139;112
67;65
147;165
142;180
76;137
166;240
257;328
211;284
266;331
398;435
364;388
333;335
430;405
414;367
306;250
339;276
352;272
218;148
188;126
233;183
141;114
71;67
147;167
140;184
79;138
167;237
259;327
211;285
270;328
393;434
364;385
334;335
429;407
413;367
315;252
340;270
351;274
213;148
190;128
234;182
143;113
70;72
152;167
142;181
78;138
170;245
260;330
216;285
273;334
394;434
364;392
336;338
436;414
413;364
314;254
342;269
353;274
220;146
190;129
233;183
139;110
69;71
149;163
138;173
71;138
169;238
256;328
211;283
271;332
392;433
364;384
334;337
433;409
408;364
311;251
340;267
351;270
223;144
191;129
230;181
138;110
69;63
147;168
134;179
77;137
168;238
255;332
209;282
270;332
391;430
362;379
336;336
426;408
406;361
314;249
343;271
352;272
218;145
192;131
232;183
138;110
49;67
149;168
136;176
78;139
168;238
258;328
211;282
271;334
392;435
371;386
337;337
434;408
408;359
311;252
342;266
351;277
218;145
193;130
232;182
138;112
69;68
152;172
139;177
81;139
168;240
258;330
210;278
274;334
395;442
363;387
337;340
436;410
407;362
311;253
343;268
350;270
217;145
194;131
232;182
145;112
69;73
153;172
137;176
79;141
171;246
257;328
211;282
274;335
394;435
364;387
338;339
436;411
407;360
312;252
344;271
352;270
216;135
193;127
231;182
138;110
70;68
153;171
136;177
79;138
169;239
257;327
207;277
282;336
391;432
360;386
337;338
438;411
406;362
312;252
342;269
350;284
217;141
195;134
232;181
134;110
68;69
153;173
132;176
79;139
169;240
254;328
208;277
281;337
392;432
363;386
337;332
438;407
405;358
319;253
341;267
349;270
214;140
194;131
229;180
138;112
71;68
161;173
137;175
79;139
164;238
255;326
206;275
275;336
392;430
361;382
337;337
443;413
406;358
311;255
341;268
349;270
212;136
195;130
238;180
141;110
73;69
155;174
134;175
80;139
168;237
252;326
205;276
275;336
390;431
362;381
337;338
440;414
408;359
311;251
341;267
345;269
209;136
195;132
231;179
137;109
71;69
156;175
133;170
77;135
151;237
252;328
203;272
277;337
399;431
362;389
339;340
441;414
402;360
313;252
346;270
347;266
210;137
194;131
230;181
136;114
71;72
156;175
131;173
77;138
169;239
254;325
202;270
275;339
381;432
361;379
338;339
443;417
403;357
312;251
340;268
348;268
205;134
193;134
229;176
134;107
72;69
157;176
133;170
78;139
167;243
252;323
201;275
275;336
391;431
360;384
337;339
443;417
404;357
309;251
342;268
337;266
206;133
194;131
229;182
130;107
72;68
158;178
131;171
78;138
169;239
251;324
199;268
276;337
391;432
361;384
340;340
444;419
389;356
312;251
346;269
345;266
207;134
196;139
229;181
133;105
73;68
160;178
132;175
78;139
171;242
251;323
196;270
276;337
389;431
360;382
339;341
446;418
402;357
315;251
343;267
344;264
205;130
197;135
233;178
133;105
74;72
160;180
129;170
78;139
173;240
251;316
196;264
278;338
387;431
360;379
342;344
444;420
403;356
311;251
343;270
345;266
202;130
196;132
230;178
132;104
75;72
161;181
131;169
77;138
172;241
250;323
195;267
279;338
385;431
356;379
342;341
447;422
400;355
311;252
344;271
344;265
202;133
197;134
226;178
129;102
74;72
162;181
129;169
80;140
178;246
249;324
195;268
274;341
391;433
357;379
343;343
450;423
401;356
314;253
350;282
343;265
202;129
199;135
229;181
129;101
76;73
166;183
127;171
80;141
177;247
252;325
195;267
280;342
390;429
355;376
344;347
450;422
401;356
311;250
347;278
344;265
199;127
198;143
230;176
129;102
75;73
166;179
129;169
82;140
180;250
251;322
194;268
287;341
389;429
352;373
343;350
451;425
400;353
312;253
353;281
344;263
199;137
200;137
228;176
125;101
74;77
170;186
129;170
80;140
183;256
239;320
192;264
280;341
390;431
348;374
343;345
447;426
400;354
313;255
356;280
334;263
198;125
201;137
224;178
124;96
74;74
168;186
128;167
78;140
183;255
248;320
191;264
281;342
389;427
351;369
345;343
451;433
400;353
312;256
363;284
340;262
199;124
202;137
228;178
120;93
79;74
170;186
134;168
81;137
190;259
245;318
191;263
282;340
390;431
340;367
350;347
451;430
398;353
315;253
359;286
338;261
194;125
202;139
228;166
113;90
75;74
171;188
124;168
80;141
190;259
246;317
191;264
283;343
388;425
341;365
346;348
453;427
394;354
314;251
360;288
339;270
198;124
202;139
228;174
117;89
79;77
171;185
126;167
81;142
189;262
247;317
191;264
285;340
390;425
342;364
347;347
455;430
398;352
313;252
364;296
339;262
199;133
203;140
227;177
114;87
80;76
173;189
127;167
83;143
196;265
249;318
190;264
286;346
390;433
337;362
348;349
453;428
398;351
313;255
368;294
340;260
197;124
204;141
228;177
116;87
80;72
172;190
126;166
82;143
193;264
245;317
190;263
287;347
390;430
337;360
348;349
454;430
395;349
313;254
368;295
339;259
196;124
204;141
227;176
110;81
80;74
170;192
121;165
82;144
197;267
244;316
191;262
287;347
389;428
336;358
349;354
455;428
391;349
315;252
369;295
337;252
200;124
222;142
228;174
110;83
82;79
165;189
122;160
83;143
197;267
244;321
190;266
288;349
387;423
335;360
350;351
455;429
393;348
316;255
369;296
335;256
197;124
207;144
226;177
109;83
83;77
171;190
122;164
83;143
199;267
242;314
190;269
290;349
391;429
336;357
349;353
456;430
394;348
315;254
373;295
335;258
196;123
207;142
214;175
109;81
84;76
171;189
122;167
82;144
200;273
242;312
186;263
286;349
390;435
333;357
351;354
456;429
393;348
317;254
370;297
334;255
196;123
214;145
208;174
109;83
84;82
177;191
122;164
83;149
201;269
240;313
191;262
288;357
394;429
334;355
352;356
453;432
393;346
316;255
368;300
334;253
196;117
210;145
226;176
107;81
87;85
173;190
122;164
83;148
200;270
239;308
191;264
291;344
387;430
335;356
355;359
456;430
391;346
315;256
372;297
329;249
196;126
208;145
225;176
106;79
86;87
173;187
120;162
83;145
200;272
234;308
191;263
290;351
388;427
332;355
356;356
456;429
390;352
313;253
369;296
328;248
196;123
209;148
225;175
105;79
89;87
173;189
121;162
84;146
203;266
235;308
190;267
286;351
387;425
330;354
358;359
454;427
389;343
314;257
373;299
328;249
196;124
209;129
220;175
105;83
90;89
172;189
113;160
80;144
204;273
234;306
190;262
291;357
387;428
333;354
359;360
455;427
389;343
315;256
374;299
326;246
196;124
212;145
224;173
105;79
90;87
164;188
118;159
84;145
202;272
233;304
193;262
296;353
386;428
331;353
360;361
455;424
382;342
320;256
373;299
324;243
196;124
215;148
223;176
103;65
88;91
170;189
125;158
84;145
204;271
231;304
190;264
294;354
385;426
329;353
362;361
442;427
387;345
314;255
374;300
323;245
197;124
211;149
221;174
103;77
94;93
171;183
117;157
86;147
203;272
228;302
191;266
297;354
385;427
329;351
366;365
456;426
387;345
317;257
375;301
321;244
196;122
213;151
224;171
102;75
92;94
170;189
116;161
87;147
201;272
230;302
191;264
295;357
386;426
328;353
365;362
451;427
387;341
318;255
380;301
320;246
196;123
212;149
223;176
102;75
97;89
174;188
116;157
87;148
205;273
228;300
193;265
298;357
386;426
328;354
362;366
458;427
387;340
317;257
377;302
320;241
199;125
214;149
225;178
103;76
98;99
170;188
117;156
87;150
207;276
229;302
193;264
297;356
383;427
328;352
366;366
456;429
394;342
318;255
381;304
323;241
195;126
215;152
224;175
106;76
106;97
171;188
116;160
87;146
210;277
228;299
191;265
297;356
385;434
327;351
367;369
454;429
387;340
319;259
379;304
318;241
202;126
217;153
224;173
100;75
101;98
170;188
115;157
88;148
209;275
231;299
193;266
296;358
385;426
325;349
367;367
454;424
386;342
319;259
369;305
317;240
197;125
215;151
225;174
100;73
101;98
171;187
115;155
88;149
210;278
227;297
194;266
297;357
387;426
326;349
367;370
455;429
386;341
321;260
380;305
319;241
200;127
216;149
223;173
99;73
100;98
172;184
119;159
89;146
210;277
226;297
191;264
297;356
384;422
325;349
366;369
454;427
384;345
318;261
380;306
317;240
199;130
215;148
222;175
98;72
104;99
171;189
116;157
89;149
211;280
226;297
193;266
292;355
384;425
324;344
369;370
454;426
381;340
327;260
382;317
317;239
198;124
216;150
222;170
96;73
101;97
172;186
115;155
90;156
213;282
226;306
194;255
299;359
383;426
323;346
369;371
452;430
386;340
325;260
382;304
317;238
202;126
218;151
223;172
91;71
102;100
171;190
123;158
90;151
212;284
225;299
199;265
299;357
383;423
322;346
371;370
453;427
386;342
322;259
387;309
313;237
199;116
215;150
221;171
96;67
103;101
167;188
113;156
90;150
215;283
224;297
193;266
297;355
381;424
320;344
369;371
454;426
386;341
326;261
388;311
317;238
196;126
217;149
222;170
95;75
105;100
171;188
115;156
90;150
215;275
224;278
194;265
298;360
382;436
321;345
371;375
460;429
386;336
326;262
388;311
317;238
200;132
218;149
221;173
94;65
102;100
170;187
115;159
91;154
218;284
225;297
193;269
298;359
384;425
321;344
372;363
454;427
397;340
321;257
391;312
320;238
200;129
215;152
220;170
92;65
103;102
171;187
112;155
97;151
218;284
224;296
194;265
300;355
387;423
317;341
371;373
454;428
385;346
323;261
389;311
315;237
199;129
217;151
219;169
92;65
103;101
171;186
115;156
90;152
218;292
230;295
187;264
295;359
380;424
322;340
371;372
464;427
386;343
324;262
389;314
303;235
206;127
216;152
219;173
94;66
105;104
169;188
111;154
97;155
228;289
223;296
194;266
302;360
381;423
316;337
372;373
452;427
385;340
327;266
373;315
315;228
198;128
217;151
215;170
90;63
104;102
170;187
113;151
93;154
220;290
216;294
193;266
301;362
382;422
315;347
372;372
453;426
381;336
326;266
391;317
315;229
199;127
224;154
223;170
91;62
104;103
169;186
115;152
96;155
221;290
225;295
191;266
301;361
380;421
315;340
374;374
452;425
382;332
326;262
391;316
312;236
200;126
221;157
218;168
92;63
106;107
170;192
112;152
96;156
222;290
222;293
193;267
303;363
380;422
312;336
373;374
451;426
378;332
322;266
392;317
314;235
198;130
223;175
219;168
86;60
105;103
167;185
110;148
94;154
225;290
219;301
193;272
310;364
380;419
312;341
374;372
452;427
378;332
332;266
393;321
305;231
199;143
225;162
217;166
84;57
101;102
167;184
106;147
92;153
224;293
219;295
194;266
307;364
380;421
311;334
373;370
453;424
372;328
322;265
392;317
310;231
197;131
226;161
212;165
89;57
104;104
166;185
104;144
104;155
223;292
224;292
196;268
308;367
380;419
310;329
369;374
452;423
372;314
327;263
393;319
312;232
199;127
226;163
214;169
81;55
107;105
168;183
103;144
96;155
225;292
219;292
195;266
310;364
377;415
307;332
375;376
450;423
373;326
327;265
395;319
311;232
200;127
229;165
213;163
81;56
105;102
166;189
98;139
95;169
225;293
216;290
193;267
311;371
380;416
307;331
378;375
450;422
369;322
332;266
397;321
310;232
199;121
230;166
212;162
83;57
110;104
167;172
96;138
111;156
223;293
216;290
195;268
315;374
374;417
308;329
375;375
451;423
362;321
327;271
397;323
309;231
198;126
234;169
212;161
79;56
107;104
166;182
95;138
95;158
229;293
216;288
198;266
320;378
378;417
306;332
374;376
449;423
365;319
330;268
399;321
309;231
201;128
234;170
210;162
81;57
108;109
166;182
91;136
97;158
233;293
217;289
192;266
319;379
365;415
306;332
377;376
459;424
359;318
328;267
399;322
308;228
197;127
236;174
219;161
80;56
109;107
166;184
92;126
96;156
226;294
216;287
195;267
322;381
375;410
307;330
377;376
450;423
362;317
329;267
397;323
306;228
206;128
238;172
205;161
79;56
105;107
165;183
94;131
98;159
227;301
214;288
200;267
321;381
369;409
305;332
377;378
449;421
360;315
328;270
399;324
313;229
201;128
237;176
208;160
81;54
107;109
166;191
82;131
99;160
231;296
215;288
196;273
323;381
372;412
303;330
379;384
451;422
359;314
330;271
397;311
306;226
201;127
239;177
210;158
80;54
110;109
166;179
89;130
100;160
228;297
213;287
195;269
326;384
371;413
305;330
380;386
444;423
360;313
331;271
397;323
305;229
201;129
240;177
210;159
76;58
113;109
166;185
87;131
102;162
229;305
214;284
195;269
325;385
371;413
306;327
381;397
452;423
358;307
334;272
399;323
303;226
202;129
241;179
207;158
80;57
114;110
166;184
87;130
103;164
229;296
212;287
197;271
327;388
370;414
307;332
380;382
448;423
361;312
333;273
399;322
305;225
201;130
244;178
203;157
80;55
116;110
164;178
85;132
101;159
227;295
210;284
197;270
326;383
368;410
306;331
382;381
449;424
356;311
332;272
399;323
300;224
203;126
243;179
205;159
80;54
115;112
165;170
84;127
104;164
234;296
210;283
197;275
326;386
366;401
305;328
381;381
454;422
355;313
335;276
399;332
303;225
204;130
245;180
206;159
81;56
116;109
166;184
84;135
108;166
230;296
211;285
196;270
333;388
368;409
307;332
385;385
450;425
355;313
337;276
399;322
305;224
202;130
245;182
205;153
79;54
118;115
166;180
85;128
107;168
232;296
211;284
197;270
328;388
365;408
303;331
379;383
448;423
354;311
342;278
399;322
303;228
202;129
248;180
206;153
79;54
117;114
165;183
85;132
105;165
228;296
210;282
197;270
330;389
363;407
307;332
384;384
445;422
349;309
344;280
398;321
301;224
204;130
246;183
201;146
80;51
117;108
159;182
83;128
103;167
228;295
209;282
199;270
330;388
361;403
307;331
384;375
436;421
353;309
340;287
397;322
301;222
202;129
245;181
198;151
81;57
117;114
166;183
83;125
103;169
228;295
210;283
198;271
328;391
364;406
307;334
385;378
452;421
353;308
342;277
404;324
301;223
208;131
246;183
200;150
82;56
117;115
167;182
84;129
109;177
228;296
208;281
197;270
320;388
361;403
306;330
386;385
448;422
351;307
341;282
397;320
299;220
202;129
247;180
196;150
82;49
116;115
164;182
83;126
109;171
227;295
206;280
196;269
332;388
361;403
306;330
384;384
444;419
352;315
342;280
397;324
298;221
203;130
249;182
197;149
81;56
122;116
163;181
83;125
113;170
222;295
206;281
194;271
329;388
359;400
308;332
390;384
445;419
351;316
345;283
398;323
300;221
203;130
248;183
196;147
81;56
119;114
163;182
82;123
113;177
227;295
206;281
198;272
327;388
358;403
305;331
387;386
448;422
351;308
345;283
398;321
298;220
203;131
250;183
195;146
81;56
117;116
161;181
80;123
114;172
228;299
207;279
199;266
331;389
357;399
306;327
389;389
446;420
351;306
345;285
397;330
298;221
204;130
248;182
191;145
80;64
122;117
162;180
80;123
115;175
227;291
206;279
202;270
331;386
356;403
305;331
391;386
448;420
350;305
346;284
398;321
296;219
203;130
250;188
192;145
81;56
121;119
164;181
80;122
114;175
234;296
206;280
199;272
331;391
357;396
305;329
388;385
446;412
349;292
346;287
411;322
300;219
197;131
248;184
193;142
80;55
120;117
162;180
85;123
110;175
226;294
203;277
198;265
333;392
353;397
307;331
delay,correlation
highshift: (milli*1000)-15
highr: (*1000)902
446;433
412;387
332;280
367;299
375;297
239;160
225;149
255;194
157;116
86;71
164;172
129;158
67;120
153;217
233;300
177;252
257;322
370;430
345;381
330;346
444;432
430;378
326;276
362;297
373;294
232;156
228;153
256;196
156;123
85;68
167;172
128;157
68;119
153;218
232;305
176;250
252;322
368;422
341;379
330;345
441;431
412;377
326;278
364;298
376;292
236;157
222;155
250;193
154;115
85;65
163;171
127;155
67;119
150;218
230;300
174;250
253;322
369;420
342;377
329;347
444;430
410;378
331;276
365;291
370;293
232;155
223;153
252;192
152;112
86;79
167;173
132;155
68;119
156;219
244;300
173;250
254;323
368;419
344;378
332;348
445;429
408;373
330;276
366;298
371;292
230;147
222;152
252;192
151;120
86;78
168;173
125;152
68;119
154;217
232;298
172;247
253;321
368;419
340;375
334;345
445;434
408;378
326;275
371;299
371;293
230;150
224;153
256;190
151;112
86;71
167;170
126;156
67;119
158;220
226;298
171;247
255;321
367;419
340;373
333;346
440;433
405;374
325;276
367;301
370;280
228;153
221;154
252;192
149;114
87;71
169;172
128;153
63;116
158;221
224;298
169;247
254;321
373;417
339;374
334;348
448;430
407;373
325;277
370;303
370;288
228;151
219;153
250;191
148;107
87;66
168;174
124;152
65;118
157;239
228;297
168;244
252;320
370;419
334;370
331;346
447;434
404;372
325;274
372;307
369;283
226;151
223;154
250;191
146;105
85;69
170;174
126;153
68;119
159;225
225;295
166;242
261;322
366;418
336;370
333;348
450;436
406;376
326;274
373;307
367;288
223;149
225;153
251;191
145;103
85;71
170;175
123;153
66;116
162;226
224;297
167;236
255;323
364;417
330;365
332;348
449;433
406;371
325;277
375;307
366;289
224;150
224;155
249;191
141;100
84;72
171;175
124;151
68;121
164;212
224;289
164;241
255;323
366;418
329;363
331;348
449;434
406;369
324;278
371;309
364;285
225;150
225;155
251;191
141;99
87;72
171;176
123;151
70;119
168;231
224;294
164;241
256;324
363;418
328;360
334;349
450;438
404;376
325;275
377;309
364;286
210;148
226;155
250;189
139;99
88;72
171;174
122;150
68;121
167;232
223;294
166;240
256;325
364;420
324;361
334;348
451;440
405;375
328;278
380;314
362;287
225;147
229;158
252;192
137;97
86;73
174;177
123;150
69;118
175;236
222;295
156;241
255;325
366;419
325;360
335;349
451;439
403;370
326;272
376;313
364;284
223;153
228;155
250;191
132;95
92;74
175;177
122;149
79;119
171;236
223;294
164;241
257;327
366;419
324;359
335;350
450;439
400;371
324;276
381;314
363;287
223;148
228;158
252;191
135;94
90;76
175;179
121;149
69;125
175;231
224;296
164;241
258;326
366;419
322;358
337;352
453;439
399;370
328;276
384;316
368;286
223;150
229;159
238;189
132;93
90;74
174;178
122;152
69;119
175;238
222;292
163;240
259;326
366;414
319;357
335;357
452;441
401;368
326;282
384;316
363;286
222;147
230;159
253;191
131;93
90;78
175;179
123;148
69;123
166;238
221;291
160;240
259;338
365;417
320;356
328;351
451;439
398;368
328;276
386;319
362;272
222;148
231;159
251;190
131;91
89;72
174;178
120;148
69;122
178;240
219;292
163;239
261;330
369;417
325;356
336;352
451;436
400;367
332;277
386;321
360;284
221;145
230;159
249;189
133;90
92;77
176;180
120;147
70;122
176;240
221;291
165;241
262;337
361;418
320;356
338;353
453;440
394;366
328;279
389;319
362;286
222;146
228;159
249;187
126;88
91;77
174;179
118;146
69;121
177;246
219;283
164;239
261;327
365;415
317;353
338;353
457;439
398;365
328;277
389;320
366;284
221;141
226;159
250;190
128;90
89;77
171;179
117;147
70;119
179;242
218;290
158;239
266;329
364;417
317;353
338;346
452;444
400;365
329;277
389;325
359;282
223;148
231;162
246;188
128;76
94;78
175;179
119;146
71;120
177;242
218;286
165;244
261;330
366;416
317;349
341;360
450;439
404;366
328;278
389;322
360;281
223;140
231;161
248;188
127;88
94;78
175;161
117;147
70;119
180;242
212;286
163;237
262;329
370;417
317;353
341;356
453;439
398;364
329;278
389;321
358;279
222;147
232;162
249;188
126;87
93;79
174;175
116;146
67;121
180;243
216;287
164;240
265;331
364;416
315;352
340;359
452;439
404;364
327;277
391;321
360;279
223;147
234;163
251;193
128;87
95;80
175;180
115;144
72;122
182;242
216;282
163;239
264;332
363;417
316;348
343;358
452;439
396;364
328;277
391;321
356;277
222;148
234;164
249;188
126;86
97;81
174;179
115;144
71;122
183;246
214;282
163;240
266;332
366;416
315;351
343;359
451;440
397;362
328;278
390;323
351;277
222;147
233;162
246;187
124;85
94;81
174;179
113;144
72;121
181;245
215;284
164;239
265;333
365;413
313;353
344;360
453;438
395;364
327;277
391;323
353;275
221;147
234;163
246;184
124;83
100;82
177;177
114;146
68;120
182;244
212;281
163;238
265;327
363;414
313;349
343;360
452;440
392;360
326;277
389;322
353;274
220;141
234;163
246;187
122;82
98;83
170;177
112;141
70;121
176;245
211;281
168;239
267;331
365;417
316;349
347;362
452;438
393;362
329;284
394;324
351;276
222;147
237;160
248;191
119;81
95;84
175;179
113;143
68;122
187;246
217;282
164;244
268;335
365;417
313;351
349;366
452;439
395;362
329;278
392;323
349;271
225;147
234;165
247;186
122;83
103;90
175;178
113;140
71;119
184;245
208;278
165;240
267;333
364;412
313;347
348;363
452;438
394;359
328;277
392;324
348;271
221;145
237;166
246;187
122;83
102;87
174;180
111;141
71;123
185;247
210;279
166;241
264;335
363;414
313;350
348;364
453;432
393;358
329;276
394;328
347;270
222;148
237;163
247;189
122;83
104;88
173;177
114;141
68;123
185;248
205;277
165;240
268;337
363;415
310;348
351;353
449;438
394;353
330;280
397;325
347;269
225;147
240;167
244;185
122;83
110;92
175;178
113;141
72;130
185;246
206;277
166;238
267;335
364;416
312;347
350;367
453;439
394;353
330;277
393;325
346;269
223;148
238;162
246;185
122;82
108;91
174;178
110;139
72;124
186;256
205;275
166;241
271;336
364;415
312;347
351;369
452;439
392;343
329;280
394;326
346;267
222;146
235;166
245;186
117;82
107;91
174;178
111;141
74;122
186;247
204;272
167;242
270;332
363;412
310;349
354;371
456;439
390;364
330;278
395;326
344;269
223;148
239;168
246;186
119;80
108;93
174;178
111;138
73;129
190;249
204;275
166;243
272;336
362;415
311;358
356;366
453;440
393;360
331;280
396;328
345;268
223;147
238;165
245;184
120;79
111;94
174;175
108;138
74;125
188;252
205;274
161;240
271;330
366;414
310;341
355;369
451;440
392;358
332;277
397;328
344;265
222;149
240;167
245;187
122;79
109;92
176;177
110;144
73;125
189;256
203;274
160;242
272;339
364;414
313;347
357;376
452;438
389;359
332;280
398;329
341;266
230;149
240;170
246;187
120;80
111;94
173;178
106;141
78;127
188;253
203;275
167;240
275;339
359;414
309;346
355;372
452;443
391;359
332;283
400;334
344;266
222;146
244;169
247;183
118;77
112;95
174;182
109;139
72;131
190;251
202;275
166;242
272;338
362;413
309;345
363;370
450;439
393;358
331;280
401;331
342;266
219;148
246;169
244;186
117;77
112;95
174;175
110;139
74;130
191;255
202;273
167;237
273;339
360;414
311;343
357;372
451;438
391;359
332;278
402;332
343;265
224;149
241;171
247;186
117;76
112;95
174;177
114;140
76;120
192;255
200;273
167;242
272;338
362;415
307;343
356;371
451;438
391;359
333;284
403;335
351;266
226;150
242;171
247;185
117;78
119;96
174;178
115;140
75;127
193;255
204;274
166;241
272;340
362;413
306;343
360;373
452;438
391;359
334;283
396;332
340;264
226;150
241;170
245;185
118;77
111;96
174;178
110;139
77;129
193;254
199;272
167;242
272;338
360;412
306;340
359;369
451;440
393;358
331;282
402;334
340;265
223;150
241;169
244;182
114;76
115;96
172;178
111;140
76;127
195;257
201;272
166;243
271;336
362;409
304;342
360;372
451;438
390;357
333;283
404;333
343;264
224;148
243;169
245;184
115;75
112;100
173;177
111;139
75;127
194;258
200;271
166;240
270;337
361;412
303;339
360;373
451;438
391;358
334;284
406;336
340;260
226;151
241;171
241;184
112;75
104;97
171;178
107;138
76;133
196;259
199;270
166;242
271;340
360;412
301;344
360;374
450;436
386;359
335;282
412;335
340;259
224;149
240;170
243;183
110;75
114;97
174;177
109;141
77;129
199;260
198;271
167;244
272;341
360;416
302;339
360;375
450;437
389;356
334;283
406;336
348;263
222;151
241;166
244;183
110;72
114;98
171;177
109;135
78;128
198;260
198;270
167;241
272;337
357;411
301;336
359;374
450;437
384;356
334;284
409;339
340;263
225;149
244;172
246;182
108;70
115;98
170;175
109;136
77;128
199;260
198;267
164;242
272;342
355;411
299;342
360;373
449;437
388;359
333;284
408;338
338;261
225;150
242;170
242;184
107;68
116;99
172;176
106;137
78;127
196;261
198;268
166;241
274;344
359;410
297;334
357;374
449;436
388;355
333;284
411;339
339;262
225;151
243;171
243;182
107;70
116;96
178;177
113;137
81;132
199;263
199;270
167;244
275;342
359;408
296;334
362;375
450;437
388;355
342;279
411;339
338;259
218;149
244;172
238;182
107;69
117;98
172;175
108;135
81;132
200;262
198;270
167;245
271;343
358;410
296;333
363;376
450;436
386;352
338;289
412;342
334;259
223;146
242;173
240;181
98;66
114;97
170;174
101;133
79;130
195;263
197;267
166;246
278;345
356;410
293;331
360;375
448;436
387;354
338;286
411;346
337;260
226;149
244;175
240;178
105;65
115;100
173;178
102;133
82;132
203;266
197;266
166;242
278;347
356;408
294;331
361;375
450;435
384;349
339;280
407;342
339;259
224;150
247;180
224;179
108;65
115;100
168;174
107;130
84;132
204;268
194;270
167;242
282;348
358;408
293;331
362;376
449;432
384;350
338;285
413;342
335;256
224;150
249;183
239;176
102;66
116;102
170;174
105;129
82;132
192;267
196;264
165;243
284;351
360;411
291;328
363;377
450;434
380;351
338;289
414;345
336;259
224;149
255;181
240;178
101;61
115;103
171;175
96;126
84;132
204;267
192;266
169;247
286;352
354;407
292;329
364;378
449;436
378;344
339;282
416;346
335;259
227;150
256;184
237;178
100;62
117;101
168;174
96;124
82;132
201;268
195;266
168;246
287;355
352;404
291;328
363;378
447;436
