1.17;0.00
0.47;0.00
0.00;0.02
0.00;0.00
0.00;0.05
0.81;0.00
0.29;0.00
0.87;0.00
0.00;0.01
0.00;0.00
0.00;0.07
1.39;0.00
0.00;0.07
0.40;0.00
0.87;0.00
0.00;0.00
0.00;0.02
0.00;0.00
0.87;0.00
0.00;0.00
0.00;0.00
0.00;0.00
0.00;0.00
0.00;0.00
0.00;0.03
0.00;0.00
0.00;0.07
0.00;0.00
0.02;0.00
0.00;0.00
0.00;0.00
0.00;0.00
0.37;0.00
0.00;0.01
0.00;0.02
0.00;0.00
0.00;0.00
0.00;0.02
0.93;0.00
0.00;0.00
0.00;0.03
0.79;0.00
0.00;0.00
0.00;0.01
0.00;0.00
0.00;0.00
0.00;0.00
0.00;0.00
0.00;0.00
0.00;0.00
0.00;0.03
0.00;0.00
0.18;0.00
0.00;0.00
0.00;0.03
1.72;0.00
0.00;0.02
0.00;0.00
0.40;0.00
0.05;0.00
0.00;0.09
0.00;0.13
0.78;0.00
0.00;0.03
1.45;0.00
0.54;0.00
0.00;0.02
0.00;0.02
0.19;0.00
0.00;0.02
0.04;0.00
0.00;0.01
0.00;0.00
1.64;0.00
0.00;0.02
0.00;0.00
0.45;0.00
0.00;0.00
0.00;0.00
0.77;0.00
0.00;0.04
0.06;0.00
1.11;0.00
0.00;0.04
1.27;0.00
0.78;0.00
1.05;0.00
0.00;0.00
0.00;0.00
0.00;0.04
0.32;0.00
1.03;0.00
0.00;0.07
0.83;0.00
0.87;0.00
0.00;0.00
0.54;0.00
0.00;0.00
0.66;0.00
0.00;0.00
0.00;0.00
0.55;0.00
1.66;0.00
0.28;0.00
1.06;0.00
0.00;0.01
0.00;0.00
0.00;0.02
0.24;0.00
0.00;0.00
1.04;0.00
0.00;0.00
0.88;0.00
0.00;0.00
0.19;0.00
0.00;0.00
0.61;0.00
0.00;0.00
0.00;0.02
0.00;0.00
0.00;0.00
0.11;0.00
0.00;0.00
0.00;0.00
0.08;0.00
0.00;0.03
0.00;0.00
0.00;0.00
1.90;0.00
0.73;0.00
0.00;0.01
1.04;0.00
0.00;0.00
1.18;0.00
0.00;0.02
1.90;0.00
0.00;0.06
0.00;0.00
0.00;0.09
0.00;0.00
0.00;0.02
1.50;0.00
0.00;0.07
1.49;0.00
0.00;0.00
1.57;0.00
0.00;0.00
0.00;0.00
1.35;0.00
0.00;0.02
1.63;0.00
delay,correlation
highshift: (milli*1000)-60
highr: (*1000)139
0.00;0.11
0.64;0.00
1.55;0.00
0.00;0.01
0.31;0.00
1.41;0.00
0.00;0.03
1.22;0.00
0.47;0.00
1.48;0.00
0.00;0.01
1.67;0.00
0.00;0.00
0.00;0.00
0.89;0.00
0.80;0.00
1.66;0.00
0.00;0.02
0.00;0.00
0.00;0.00
1.96;0.00
0.00;0.00
0.20;0.00
0.00;0.02
1.54;0.00
1.23;0.00
0.72;0.00
0.00;0.00
0.75;0.00
0.00;0.00
1.11;0.00
1.53;0.00
1.30;0.00
0.00;0.00
0.00;0.02
0.12;0.00
1.13;0.00
0.00;0.01
0.00;0.00
0.00;0.00
1.74;0.00
0.81;0.00
1.45;0.00
0.00;0.00
2.12;0.00
0.94;0.00
1.86;0.00
0.00;0.00
0.00;0.00
0.00;0.00
0.00;0.01
0.54;0.00
0.00;0.00
0.29;0.00
0.03;0.00
0.00;0.00
0.63;0.00
0.00;0.00
0.00;0.00
0.00;0.00
2.25;0.00
0.94;0.00
2.00;0.00
0.00;0.00
1.93;0.00
0.00;0.00
0.22;0.00
1.05;0.00
0.00;0.00
0.00;0.00
0.21;0.00
0.00;0.00
0.00;0.00
2.30;0.00
0.00;0.00
0.00;0.00
1.42;0.00
2.47;0.00
1.12;0.00
0.60;0.00
1.12;0.00
1.15;0.00
2.07;0.00
0.55;0.00
0.00;0.00
0.00;0.00
0.71;0.00
0.00;0.00
0.29;0.00
0.00;0.00
1.79;0.00
1.16;0.00
1.17;0.00
1.70;0.00
0.85;0.00
1.38;0.00
1.39;0.00
0.16;0.00
1.35;0.00
1.78;0.00
0.00;0.00
1.86;0.00
0.00;0.00
0.10;0.00
0.00;0.00
0.00;0.00
0.00;0.00
0.00;0.00
0.75;0.00
0.00;0.00
0.08;0.00
0.00;0.00
1.28;0.00
1.09;0.00
0.00;0.00
0.67;0.00
0.00;0.00
0.00;0.00
0.02;0.00
0.27;0.00
1.68;0.00
1.88;0.00
0.00;0.00
2.24;0.00
0.00;0.00
1.33;0.00
0.00;0.00
0.00;0.00
2.00;0.00
0.00;0.00
1.17;0.00
0.00;0.00
0.89;0.00
0.00;0.01
0.22;0.00
0.00;0.00
0.00;0.00
1.79;0.00
0.00;0.04
0.28;0.00
1.48;0.00
1.99;0.00
0.00;0.00
0.29;0.00
0.00;0.00
2.04;0.00
1.41;0.00
0.00;0.00
1.34;0.00
0.00;0.00
2.34;0.00
1.39;0.00
1.98;0.00
1.54;0.00
2.27;0.00
0.00;0.00
0.36;0.00
0.00;0.00
0.50;0.00
1.90;0.00
1.06;0.00
1.93;0.00
0.00;0.00
0.33;0.00
1.44;0.00
2.03;0.00
0.51;0.00
2.30;0.00
0.00;0.00
1.46;0.00
2.29;0.00
0.00;0.00
0.65;0.00
0.02;0.00
2.17;0.00
1.60;0.00
1.07;0.00
1.74;0.00
2.09;0.00
1.39;0.00
0.00;0.00
0.00;0.00
0.09;0.00
0.90;0.00
0.34;0.00
2.32;0.00
0.00;0.00
1.94;0.00
1.67;0.00
0.41;0.00
1.69;0.00
1.51;0.00
0.00;0.00
0.00;0.00
2.21;0.00
0.00;0.00
0.65;0.00
0.00;0.00
2.12;0.00
0.00;0.00
delay,correlation
highshift: (milli*1000)-299
highr: (*1000)123
0.00;0.08
1.37;0.00
2.39;0.00
1.18;0.00
2.37;0.00
1.49;0.00
0.70;0.00
0.00;0.00
2.16;0.00
1.54;0.00
1.11;0.00
0.00;0.00
0.02;0.00
1.96;0.00
0.48;0.11
1.71;0.00
1.95;0.00
0.38;0.00
1.80;0.00
2.23;0.00
1.72;0.00
2.17;0.00
2.07;0.00
1.81;0.00
2.21;0.00
0.00;0.00
2.43;0.00
1.82;0.00
1.74;0.00
0.00;0.00
1.18;0.00
0.00;0.02
0.63;0.00
1.49;0.00
0.77;0.00
2.39;0.00
1.07;0.00
0.50;0.00
0.00;0.00
0.60;0.00
1.35;0.00
1.21;0.00
0.00;0.00
0.60;0.00
0.00;0.00
0.02;0.00
1.34;0.00
0.00;0.00
1.28;0.00
0.00;0.00
2.49;0.00
0.00;0.00
1.91;0.00
0.00;0.00
1.38;0.00
1.91;0.00
0.00;0.00
0.55;0.00
1.11;0.00
2.00;0.00
0.20;0.00
0.64;0.00
0.71;0.00
2.19;0.00
0.55;0.00
1.84;0.00
0.00;0.00
0.00;0.00
1.08;0.00
0.00;0.00
0.04;0.00
0.21;0.00
0.04;0.00
0.48;0.00
2.44;0.00
0.00;0.04
2.26;0.00
0.00;0.00
0.00;0.00
1.45;0.00
1.84;0.00
0.75;0.00
1.98;0.00
2.27;0.00
2.14;0.00
2.12;0.00
1.04;0.00
2.25;0.00
0.00;0.00
0.14;0.00
0.86;0.00
0.57;0.00
2.24;0.00
0.27;0.00
2.23;0.00
0.28;0.00
2.28;0.00
0.00;0.00
2.48;0.00
1.95;0.00
2.07;0.00
0.06;0.00
0.24;0.00
1.90;0.00
1.97;0.00
2.25;0.00
2.16;0.00
2.26;0.00
2.17;0.00
2.24;0.00
2.10;0.00
1.84;0.00
1.19;0.00
0.00;0.00
2.38;0.00
0.17;0.00
1.70;0.00
0.00;0.00
1.09;0.00
1.91;0.00
2.49;0.00
0.00;0.00
1.06;0.00
1.52;0.00
0.00;0.00
2.37;0.00
2.17;0.00
0.19;0.00
0.51;0.00
0.97;0.00
0.00;0.00
0.34;0.00
0.73;0.00
0.31;0.00
2.35;0.00
0.00;0.00
2.41;0.00
1.65;0.00
1.60;0.00
2.01;0.00
1.59;0.00
2.00;0.00
2.38;0.00
2.02;0.00
0.51;0.00
0.99;0.00
1.74;0.00
0.08;0.00
2.17;0.00
0.17;0.00
0.74;0.00
1.98;0.00
2.20;0.00
2.35;0.00
1.65;0.00
0.00;0.00
2.19;0.00
1.80;0.00
2.43;0.00
0.00;0.00
1.72;0.00
0.27;0.00
2.51;0.00
2.08;0.00
1.84;0.00
0.37;0.00
2.27;0.00
2.32;0.00
1.82;0.00
2.36;0.00
0.83;0.00
2.29;0.00
1.36;0.00
2.44;0.00
0.60;0.00
1.24;0.00
2.52;0.00
0.51;0.00
1.62;0.00
0.00;0.00
1.11;0.00
0.68;0.00
1.71;0.00
0.34;0.00
0.53;0.00
2.17;0.00
1.84;0.00
2.23;0.00
1.27;0.01
2.17;0.00
1.17;0.00
0.56;0.00
0.77;0.00
2.42;0.00
2.18;0.00
2.47;0.00
0.05;0.00
0.39;0.00
0.66;0.00
0.70;0.00
delay,correlation
highshift: (milli*1000)-105
highr: (*1000)145
0.00;0.08
0.84;0.00
1.87;0.00
2.43;0.00
2.23;0.00
0.51;0.00
0.75;0.00
1.22;0.00
0.00;0.00
1.73;0.00
2.47;0.00
0.00;0.00
2.47;0.00
0.00;0.00
1.25;0.00
0.00;0.00
1.32;0.00
0.00;0.00
1.40;0.00
0.00;0.00
0.42;0.00
1.94;0.00
0.13;0.00
1.38;0.00
2.10;0.00
0.79;0.00
2.27;0.00
2.48;0.00
0.03;0.00
2.47;0.00
0.44;0.00
1.46;0.00
2.43;0.00
0.34;0.00
1.78;0.00
2.20;0.00
1.60;0.00
2.41;0.00
1.60;0.00
0.00;0.00
1.67;0.00
2.20;0.00
0.91;0.00
1.26;0.00
0.22;0.00
1.62;0.00
0.00;0.00
1.47;0.00
2.23;0.00
2.45;0.00
0.28;0.00
1.49;0.00
2.29;0.00
0.08;0.00
1.75;0.00
0.00;0.00
1.93;0.00
0.00;0.00
1.43;0.00
0.70;0.00
1.50;0.00
0.16;0.00
1.54;0.00
0.90;0.00
1.53;0.00
1.43;0.00
0.70;0.00
1.41;0.00
0.69;0.00
2.45;0.00
2.36;0.00
2.07;0.00
2.29;0.00
2.49;0.00
0.11;0.00
2.26;0.00
0.87;0.00
0.00;0.00
1.45;0.00
2.24;0.00
2.51;0.00
0.00;0.00
1.95;0.00
0.66;0.00
1.96;0.00
2.25;0.00
2.39;0.00
2.43;0.00
0.75;0.00
2.42;0.00
1.06;0.00
1.76;0.00
2.39;0.00
1.16;0.00
1.09;0.00
1.80;0.00
0.33;0.00
0.24;0.00
1.99;0.00
2.19;0.00
2.48;0.00
0.18;0.00
1.66;0.00
0.18;0.00
2.45;0.00
0.22;0.00
2.60;0.00
1.41;0.00
2.50;0.00
2.51;0.00
0.71;0.00
2.23;0.00
2.12;0.00
2.18;0.00
2.44;0.00
1.29;0.00
1.31;0.00
1.85;0.00
2.39;0.00
0.36;0.00
2.46;0.00
0.72;0.00
1.80;0.00
2.35;0.00
2.37;0.00
2.29;0.00
2.51;0.00
1.05;0.00
1.69;0.00
1.23;0.00
1.31;0.00
1.62;0.00
1.06;0.00
1.63;0.00
1.01;0.00
1.66;0.00
1.75;0.00
1.63;0.00
1.30;0.00
2.17;0.00
1.16;0.00
0.82;0.00
2.53;0.00
0.13;0.00
1.83;0.00
0.10;0.00
2.16;0.00
0.50;0.00
2.46;0.00
0.57;0.00
2.30;0.00
0.29;0.00
0.99;0.00
2.16;0.00
0.14;0.00
1.74;0.00
2.45;0.00
1.42;0.00
2.46;0.00
2.41;0.00
0.97;0.00
2.21;0.00
0.43;0.00
1.19;0.00
2.00;0.00
2.00;0.00
2.28;0.00
2.48;0.00
2.38;0.00
1.86;0.00
2.39;0.00
2.53;0.00
2.42;0.00
2.40;0.00
1.75;0.00
1.69;0.00
2.32;0.00
2.38;0.00
2.48;0.00
2.07;0.00
2.42;0.00
2.49;0.00
2.48;0.00
2.01;0.00
1.80;0.00
1.33;0.00
2.52;0.00
2.36;0.00
2.41;0.00
2.48;0.00
2.37;0.00
2.50;0.00
2.10;0.00
2.20;0.00
2.27;0.00
2.35;0.00
2.51;0.00
1.86;0.00
0.65;0.00
1.97;0.00
delay,correlation
highshift: (milli*1000)-49
highr: (*1000)76
0.00;0.01
1.49;0.00
2.46;0.00
2.46;0.00
2.39;0.00
0.29;0.16
2.40;0.00
2.45;0.00
2.44;0.00
2.14;0.00
2.34;0.00
2.41;0.00
1.93;0.00
1.71;0.00
0.84;0.00
2.05;0.00
2.48;0.00
2.16;0.00
2.50;0.00
2.43;0.00
2.34;0.00
2.49;0.00
2.53;0.00
2.44;0.00
2.32;0.00
2.48;0.00
2.07;0.00
2.56;0.00
2.47;0.00
2.45;0.00
2.43;0.00
2.37;0.00
2.50;0.00
2.47;0.00
1.78;0.00
2.35;0.00
1.95;0.00
2.44;0.00
1.70;0.00
1.52;0.00
2.50;0.00
1.98;0.00
2.39;0.00
2.50;0.00
2.18;0.00
2.51;0.00
2.20;0.00
2.53;0.00
2.31;0.00
2.49;0.00
2.60;0.00
2.23;0.00
2.50;0.00
2.40;0.00
2.50;0.00
2.47;0.00
2.51;0.00
2.39;0.00
2.11;0.00
2.36;0.00
1.74;0.00
1.20;0.00
2.13;0.00
1.10;0.00
2.18;0.00
1.71;0.00
2.33;0.00
2.13;0.00
2.48;0.00
2.13;0.00
2.33;0.00
1.97;0.00
2.51;0.00
2.09;0.00
1.04;0.00
2.38;0.00
0.00;0.16
2.52;0.00
2.41;0.00
2.44;0.00
2.41;0.00
2.31;0.00
2.49;0.00
2.52;0.00
2.29;0.00
2.46;0.00
2.46;0.00
2.52;0.00
2.22;0.00
2.53;0.00
2.27;0.00
2.23;0.00
2.22;0.00
2.51;0.00
2.23;0.00
1.88;0.00
2.47;0.00
2.46;0.00
2.51;0.00
2.36;0.00
2.51;0.00
2.13;0.00
1.94;0.00
2.48;0.00
2.48;0.00
2.51;0.00
2.39;0.00
2.50;0.00
2.50;0.00
2.50;0.00
2.49;0.00
2.48;0.00
2.46;0.00
2.18;0.00
1.75;0.00
1.94;0.00
2.51;0.00
2.48;0.00
2.09;0.00
1.94;0.00
2.26;0.00
2.35;0.00
2.51;0.00
2.47;0.00
1.89;0.00
2.50;0.00
0.00;0.00
2.51;0.00
2.50;0.00
1.59;0.00
1.93;0.00
2.52;0.00
2.48;0.00
1.80;0.00
2.39;0.00
1.35;0.00
2.52;0.00
1.90;0.00
2.48;0.00
1.94;0.00
2.53;0.00
2.41;0.00
1.30;0.00
2.31;0.00
1.95;0.00
2.38;0.00
1.44;0.00
2.35;0.00
2.51;0.00
1.92;0.00
2.47;0.00
2.49;0.00
1.97;0.00
2.27;0.00
2.55;0.00
1.24;0.00
2.46;0.00
1.51;0.00
2.45;0.00
2.47;0.00
2.49;0.00
2.34;0.00
2.52;0.00
2.19;0.00
2.01;0.00
2.51;0.00
2.01;0.00
2.01;0.00
1.99;0.00
2.24;0.00
2.15;0.00
1.85;0.00
1.98;0.00
0.96;0.00
2.44;0.00
1.45;0.00
2.43;0.00
2.03;0.00
1.91;0.00
1.28;0.00
2.51;0.00
1.81;0.00
2.45;0.00
2.32;0.00
1.36;0.00
2.51;0.00
1.84;0.00
2.53;0.00
2.01;0.00
2.18;0.00
1.57;0.00
2.42;0.00
1.63;0.00
2.46;0.00
1.87;0.00
1.67;0.00
2.04;0.00
2.52;0.00
2.21;0.00
1.59;0.00
delay,correlation
highshift: (milli*1000)-390
highr: (*1000)79
0.01;0.00
1.92;0.00
2.35;0.00
2.44;0.00
2.29;0.00
0.94;0.00
2.52;0.00
1.53;0.00
2.39;0.00
1.79;0.00
2.24;0.00
2.39;0.00
1.78;0.00
2.38;0.00
2.05;0.00
2.49;0.00
2.27;0.00
2.35;0.00
2.56;0.00
2.17;0.00
1.81;0.00
2.53;0.00
2.41;0.00
2.12;0.03
2.43;0.00
2.36;0.00
2.12;0.00
1.25;0.00
2.20;0.00
2.48;0.00
2.42;0.00
1.53;0.00
2.23;0.00
1.94;0.00
2.48;0.00
2.34;0.00
2.48;0.00
2.20;0.00
2.46;0.00
2.13;0.00
2.45;0.00
2.17;0.00
2.22;0.00
2.29;0.00
2.42;0.00
2.43;0.00
1.64;0.00
2.20;0.00
2.11;0.00
2.52;0.00
0.91;0.05
2.34;0.00
2.15;0.00
2.37;0.00
2.48;0.00
2.01;0.00
2.52;0.00
2.04;0.00
2.48;0.00
2.25;0.00
2.12;0.00
2.13;0.00
2.41;0.00
2.50;0.00
2.29;0.00
1.89;0.00
2.21;0.00
2.50;0.00
2.40;0.00
2.48;0.00
1.76;0.00
1.35;0.00
2.52;0.00
2.39;0.00
2.12;0.00
2.28;0.00
2.40;0.00
1.74;0.00
2.48;0.00
2.26;0.00
2.33;0.00
2.41;0.00
2.34;0.00
2.49;0.00
1.96;0.00
1.98;0.00
2.37;0.00
2.04;0.00
0.00;0.00
1.78;0.00
2.38;0.00
2.37;0.00
2.42;0.00
2.45;0.00
1.79;0.00
1.93;0.00
2.52;0.00
2.27;0.00
2.46;0.00
2.36;0.00
2.35;0.00
2.36;0.00
2.09;0.00
2.23;0.00
2.25;0.00
2.01;0.00
2.24;0.00
1.97;0.00
2.06;0.00
2.25;0.00
2.32;0.00
2.50;0.00
2.26;0.00
1.87;0.00
2.47;0.00
2.04;0.00
2.49;0.00
2.21;0.00
2.42;0.00
2.23;0.00
2.45;0.00
0.67;0.09
2.40;0.00
2.45;0.00
2.53;0.00
2.51;0.00
2.39;0.00
1.94;0.00
2.10;0.00
1.49;0.01
2.00;0.00
2.27;0.00
2.50;0.00
2.53;0.00
2.47;0.00
1.89;0.00
2.49;0.00
2.05;0.00
2.33;0.00
2.41;0.00
2.53;0.00
2.36;0.00
2.52;0.00
2.38;0.00
2.52;0.00
1.82;0.00
2.17;0.00
2.29;0.00
2.26;0.00
2.59;0.00
2.21;0.00
2.33;0.00
2.09;0.00
2.28;0.00
2.17;0.00
2.35;0.00
2.44;0.00
2.45;0.00
2.40;0.00
2.43;0.00
2.51;0.00
2.40;0.00
2.48;0.00
2.43;0.00
2.18;0.00
2.23;0.00
2.38;0.00
2.27;0.00
2.43;0.00
2.46;0.00
2.31;0.00
2.51;0.00
2.30;0.00
2.43;0.00
1.22;0.04
1.59;0.00
2.48;0.00
1.80;0.00
2.48;0.00
2.41;0.00
1.68;0.00
2.48;0.00
2.50;0.00
2.42;0.00
2.37;0.00
1.94;0.00
1.01;0.03
1.93;0.00
2.36;0.00
2.32;0.00
2.48;0.00
0.00;0.16
2.01;0.00
2.52;0.00
2.16;0.00
1.77;0.00
2.47;0.00
2.41;0.00
2.06;0.00
2.45;0.00
delay,correlation
highshift: (milli*1000)210
highr: (*1000)86
0.00;0.00
1.79;0.00
1.91;0.00
1.69;0.00
0.00;0.18
2.00;0.00
2.38;0.00
2.44;0.00
2.39;0.00
2.44;0.00
2.17;0.00
2.17;0.00
1.23;0.02
2.00;0.00
2.51;0.00
2.11;0.00
2.09;0.00
2.16;0.00
1.30;0.03
2.09;0.00
1.26;0.02
2.38;0.00
1.69;0.00
2.40;0.00
2.35;0.00
1.56;0.00
2.41;0.00
2.28;0.00
2.43;0.00
1.47;0.01
1.98;0.00
1.61;0.00
2.31;0.00
2.37;0.00
2.37;0.00
1.90;0.00
2.33;0.00
2.11;0.00
2.36;0.00
0.00;0.16
2.16;0.00
2.35;0.00
2.32;0.00
2.15;0.00
2.31;0.00
2.52;0.00
2.22;0.00
2.47;0.00
2.29;0.00
2.46;0.00
2.35;0.00
0.00;0.16
2.38;0.00
2.47;0.00
2.35;0.00
2.35;0.00
2.40;0.00
2.31;0.00
2.40;0.00
2.48;0.00
1.11;0.04
2.00;0.00
2.21;0.00
1.76;0.00
2.30;0.00
2.50;0.00
2.32;0.00
1.49;0.01
2.42;0.00
1.28;0.00
2.47;0.00
1.44;0.01
0.97;0.05
1.23;0.02
2.48;0.00
0.98;0.05
2.05;0.00
2.17;0.00
2.19;0.00
2.52;0.00
2.20;0.00
2.49;0.00
2.14;0.00
1.85;0.00
1.29;0.00
1.47;0.00
0.42;0.09
2.04;0.00
2.51;0.00
0.90;0.07
2.43;0.00
2.22;0.00
2.48;0.00
2.11;0.00
2.48;0.00
2.25;0.00
1.84;0.00
1.57;0.00
0.73;0.06
2.31;0.00
2.40;0.00
2.08;0.00
2.45;0.00
2.25;0.00
2.25;0.00
1.85;0.00
2.47;0.00
2.44;0.00
2.46;0.00
2.33;0.00
2.39;0.00
1.82;0.00
2.52;0.00
2.37;0.00
2.50;0.00
2.36;0.00
1.87;0.00
1.04;0.05
1.86;0.00
2.40;0.00
1.80;0.00
2.44;0.00
1.40;0.00
2.44;0.00
2.46;0.00
1.76;0.00
1.38;0.00
2.38;0.00
2.06;0.00
1.85;0.00
0.93;0.03
1.86;0.00
2.26;0.00
1.53;0.00
2.14;0.00
2.17;0.00
2.36;0.00
2.51;0.00
2.29;0.00
2.07;0.00
2.31;0.00
2.45;0.00
1.70;0.00
1.80;0.04
2.20;0.00
2.48;0.00
0.60;0.08
2.41;0.00
2.41;0.00
2.38;0.00
2.40;0.00
1.89;0.00
1.25;0.02
2.47;0.00
2.43;0.00
1.17;0.04
2.50;0.00
2.31;0.00
1.74;0.00
2.09;0.00
1.74;0.00
2.37;0.00
2.12;0.00
2.39;0.00
2.35;0.00
2.43;0.00
2.44;0.00
2.47;0.00
1.11;0.02
1.88;0.00
1.74;0.00
1.72;0.00
1.02;0.07
2.51;0.00
2.07;0.00
1.77;0.00
2.50;0.00
2.55;0.00
2.51;0.00
0.98;0.07
2.17;0.00
1.66;0.00
2.51;0.00
2.52;0.00
2.49;0.00
2.33;0.00
2.44;0.00
1.61;0.00
0.62;0.12
2.00;0.00
1.81;0.00
1.60;0.00
1.56;0.00
2.47;0.00
2.02;0.00
2.49;0.00
1.97;0.00
2.43;0.00
2.36;0.00
0.19;0.10
delay,correlation
highshift: (milli*1000)-24
highr: (*1000)124
0.62;0.00
1.79;0.00
0.89;0.06
1.75;0.00
0.77;0.07
1.54;0.00
0.80;0.09
2.46;0.00
1.40;0.00
1.19;0.01
2.28;0.00
1.56;0.00
1.47;0.00
0.00;0.16
2.19;0.00
2.52;0.00
2.38;0.00
1.30;0.02
1.27;0.00
2.34;0.00
2.23;0.00
2.34;0.00
2.10;0.00
1.39;0.01
1.78;0.00
2.12;0.00
1.90;0.00
1.45;0.01
2.02;0.00
1.33;0.01
1.56;0.00
0.73;0.06
1.87;0.00
1.90;0.00
1.30;0.01
1.38;0.00
1.43;0.00
0.68;0.12
2.43;0.00
0.75;0.07
1.41;0.01
1.41;0.01
1.82;0.00
2.38;0.00
1.50;0.00
2.23;0.00
0.41;0.10
1.58;0.00
2.03;0.00
1.70;0.00
2.15;0.00
1.67;0.00
1.18;0.01
2.12;0.00
1.74;0.00
0.83;0.05
1.98;0.00
1.11;0.03
1.23;0.01
1.98;0.00
1.29;0.00
0.06;0.13
0.17;0.13
2.40;0.00
1.88;0.00
2.53;0.00
1.79;0.00
2.48;0.00
0.14;0.12
1.46;0.00
1.63;0.00
2.22;0.00
0.67;0.08
1.52;0.00
2.15;0.00
0.76;0.05
2.40;0.00
1.88;0.00
2.32;0.00
2.18;0.00
2.15;0.00
2.47;0.00
2.44;0.00
1.73;0.00
1.20;0.01
1.52;0.00
2.15;0.00
2.47;0.00
2.09;0.00
1.40;0.00
0.59;0.10
1.38;0.00
0.50;0.09
2.23;0.00
1.54;0.00
2.46;0.00
0.84;0.04
1.03;0.04
2.35;0.00
2.42;0.00
1.03;0.07
0.52;0.12
2.08;0.00
0.71;0.08
0.68;0.04
0.79;0.07
2.01;0.00
2.47;0.00
0.40;0.10
2.48;0.00
1.91;0.00
2.43;0.00
2.34;0.00
2.51;0.00
1.52;0.00
1.48;0.00
0.00;0.18
1.58;0.00
1.07;0.05
0.70;0.05
2.49;0.00
2.10;0.00
0.87;0.05
1.74;0.00
0.92;0.06
1.67;0.00
2.29;0.00
1.99;0.00
0.00;0.13
2.41;0.00
2.41;0.00
1.54;0.00
1.16;0.07
2.29;0.00
0.21;0.13
2.52;0.00
1.53;0.00
1.18;0.04
0.20;0.12
2.58;0.00
2.30;0.00
1.67;0.00
2.46;0.00
2.07;0.00
2.20;0.00
0.55;0.10
2.28;0.00
1.92;0.00
1.97;0.00
1.83;0.00
1.96;0.00
0.68;0.09
0.00;0.15
1.28;0.04
1.29;0.05
2.43;0.00
0.37;0.17
1.01;0.02
1.35;0.03
2.42;0.00
0.21;0.11
2.53;0.00
2.27;0.00
2.06;0.00
1.27;0.02
0.49;0.11
2.25;0.00
1.18;0.01
0.72;0.07
1.47;0.02
1.86;0.00
1.52;0.00
0.87;0.07
0.97;0.05
2.00;0.00
1.53;0.00
0.81;0.08
0.94;0.04
0.26;0.10
1.17;0.00
0.00;0.14
1.09;0.02
0.00;0.14
0.60;0.08
1.13;0.04
1.94;0.00
0.61;0.09
2.28;0.00
0.65;0.08
2.26;0.00
0.39;0.11
2.23;0.00
1.97;0.00
0.00;0.14
0.27;0.12
0.77;0.05
0.00;0.14
1.34;0.00
0.04;0.13
2.31;0.00
delay,correlation
highshift: (milli*1000)235
highr: (*1000)183
0.93;0.00
1.48;0.00
1.86;0.00
0.00;0.16
0.58;0.09
2.36;0.00
0.00;0.15
1.11;0.05
0.00;0.12
2.17;0.00
0.00;0.16
2.43;0.00
0.00;0.14
0.00;0.16
0.48;0.10
1.22;0.02
2.17;0.00
1.96;0.00
2.04;0.00
0.00;0.15
1.89;0.00
1.71;0.00
0.56;0.10
1.25;0.02
0.36;0.09
1.82;0.00
2.08;0.00
2.27;0.00
0.00;0.15
1.30;0.00
1.51;0.00
1.13;0.05
0.00;0.16
0.22;0.13
0.00;0.17
0.43;0.10
0.00;0.17
1.56;0.00
2.18;0.00
1.66;0.00
2.34;0.00
0.08;0.12
1.75;0.00
0.00;0.16
1.59;0.00
1.42;0.00
0.00;0.19
0.97;0.03
0.00;0.16
1.54;0.00
1.13;0.04
0.82;0.07
0.00;0.14
0.43;0.12
0.00;0.16
1.80;0.00
0.62;0.09
0.12;0.14
0.00;0.17
0.58;0.12
0.55;0.13
0.08;0.12
1.10;0.02
1.70;0.00
0.64;0.07
1.56;0.00
1.86;0.00
0.74;0.09
0.46;0.09
0.00;0.14
1.24;0.01
2.43;0.00
0.00;0.13
2.50;0.00
1.60;0.00
0.69;0.10
0.00;0.17
2.18;0.00
1.91;0.00
2.34;0.00
0.77;0.08
0.48;0.08
0.00;0.16
1.49;0.00
1.51;0.00
1.09;0.06
1.67;0.00
1.50;0.00
0.49;0.10
0.27;0.11
0.26;0.13
0.00;0.17
1.26;0.02
0.14;0.14
0.00;0.16
0.77;0.06
0.00;0.14
2.09;0.00
0.00;0.18
1.95;0.00
0.80;0.11
0.00;0.16
0.00;0.14
1.52;0.00
1.88;0.00
0.00;0.14
0.56;0.10
0.84;0.06
0.16;0.11
0.00;0.16
1.48;0.00
0.00;0.18
1.21;0.00
0.00;0.17
1.22;0.05
2.37;0.00
1.17;0.02
2.06;0.00
0.18;0.13
0.35;0.11
0.00;0.16
0.57;0.10
0.79;0.08
0.17;0.13
0.00;0.21
1.39;0.02
0.52;0.12
0.95;0.07
0.66;0.08
0.00;0.16
1.19;0.02
0.00;0.14
0.24;0.15
0.00;0.18
1.83;0.00
1.54;0.00
0.00;0.13
1.36;0.01
0.00;0.17
1.84;0.00
0.61;0.11
1.76;0.00
0.00;0.16
2.41;0.00
1.14;0.04
2.35;0.00
1.10;0.00
2.31;0.00
1.80;0.00
1.30;0.01
1.97;0.00
0.70;0.09
0.00;0.11
0.00;0.19
2.38;0.00
0.73;0.08
0.00;0.14
1.42;0.00
1.60;0.00
1.94;0.00
0.00;0.19
2.37;0.00
0.91;0.05
0.00;0.14
0.00;0.15
0.00;0.11
0.84;0.07
2.29;0.00
0.00;0.17
0.00;0.03
1.16;0.02
1.88;0.00
0.00;0.13
0.00;0.15
2.08;0.00
0.00;0.16
0.00;0.16
0.00;0.19
2.12;0.00
1.23;0.02
1.59;0.00
1.65;0.00
1.27;0.04
2.45;0.00
0.45;0.11
1.87;0.00
0.54;0.08
1.79;0.00
0.00;0.18
0.00;0.16
0.56;0.08
2.38;0.00
1.41;0.01
1.83;0.00
1.86;0.00
0.60;0.10
0.00;0.17
0.00;0.20
1.08;0.04
1.87;0.00
delay,correlation
highshift: (milli*1000)85
highr: (*1000)168
2.49;0.00
1.19;0.02
1.37;0.02
0.00;0.17
0.26;0.09
1.01;0.04
0.92;0.07
0.00;0.19
2.15;0.00
0.98;0.06
0.00;0.16
1.68;0.00
1.88;0.00
0.00;0.14
0.00;0.18
2.18;0.00
0.73;0.07
1.94;0.00
0.00;0.16
2.14;0.00
0.38;0.12
2.11;0.00
0.88;0.07
2.11;0.00
0.00;0.17
0.00;0.20
1.30;0.02
0.00;0.17
0.66;0.10
0.80;0.07
2.05;0.00
0.98;0.06
0.00;0.16
0.00;0.14
0.00;0.17
0.00;0.17
0.00;0.19
0.00;0.14
0.00;0.19
1.53;0.00
0.12;0.13
0.00;0.17
0.00;0.18
0.00;0.15
0.00;0.21
2.04;0.00
0.00;0.15
0.00;0.19
0.00;0.16
1.69;0.00
1.22;0.03
0.91;0.05
0.74;0.07
0.00;0.17
1.37;0.00
0.00;0.19
0.00;0.14
2.17;0.00
0.00;0.19
2.31;0.00
0.65;0.08
1.68;0.04
0.78;0.05
0.00;0.14
0.09;0.13
2.08;0.00
1.30;0.01
1.45;0.01
1.07;0.05
1.54;0.00
1.96;0.00
0.00;0.17
0.00;0.20
0.00;0.18
0.00;0.16
0.00;0.19
1.97;0.00
0.81;0.07
1.91;0.00
1.41;0.00
0.72;0.08
0.00;0.08
0.00;0.19
0.00;0.17
0.00;0.17
1.37;0.01
0.00;0.16
0.00;0.16
0.00;0.18
0.00;0.18
0.00;0.17
0.00;0.17
2.17;0.00
0.00;0.19
1.19;0.00
0.00;0.14
0.00;0.18
0.52;0.11
0.00;0.21
0.00;0.18
0.00;0.18
1.94;0.00
0.00;0.19
0.00;0.16
1.01;0.05
0.00;0.17
0.00;0.17
0.87;0.06
0.00;0.17
0.00;0.17
0.00;0.20
0.00;0.16
0.00;0.16
0.00;0.17
1.06;0.03
0.00;0.19
0.41;0.11
0.00;0.20
1.10;0.00
0.00;0.17
0.60;0.09
1.32;0.00
0.97;0.04
0.50;0.10
0.00;0.00
1.01;0.05
0.00;0.17
0.00;0.17
0.00;0.17
1.39;0.01
1.30;0.00
1.26;0.01
1.22;0.03
0.00;0.15
0.49;0.08
0.79;0.06
1.33;0.01
0.72;0.07
0.00;0.17
0.00;0.20
0.00;0.16
0.00;0.13
0.17;0.10
0.00;0.15
0.00;0.17
0.00;0.16
0.00;0.17
1.12;0.03
1.28;0.04
1.93;0.00
0.53;0.08
0.37;0.11
0.00;0.15
0.00;0.19
0.00;0.17
0.00;0.18
0.00;0.17
0.00;0.18
0.00;0.14
0.00;0.17
1.36;0.01
0.00;0.19
1.13;0.03
1.29;0.04
0.54;0.11
0.00;0.16
0.59;0.11
0.00;0.17
0.00;0.20
0.00;0.13
0.00;0.17
0.00;0.19
0.00;0.16
1.26;0.01
0.00;0.17
0.00;0.18
0.00;0.16
1.11;0.05
0.00;0.12
0.00;0.20
0.00;0.17
0.27;0.13
0.00;0.16
0.00;0.19
0.91;0.11
1.23;0.00
1.43;0.00
1.41;0.00
0.87;0.06
0.00;0.17
0.00;0.17
0.00;0.15
0.00;0.18
1.43;0.00
0.00;0.17
0.00;0.14
0.00;0.19
0.00;0.18
0.29;0.11
0.00;0.17
delay,correlation
highshift: (milli*1000)-160
highr: (*1000)246
2.44;0.00
1.29;0.03
0.00;0.18
1.09;0.03
0.00;0.17
0.00;0.18
0.00;0.16
0.00;0.20
0.00;0.19
0.47;0.15
1.66;0.00
0.29;0.12
0.00;0.17
0.00;0.16
0.00;0.18
0.00;0.16
0.30;0.11
0.00;0.18
0.00;0.19
0.00;0.19
0.19;0.13
0.26;0.10
0.00;0.20
0.00;0.14
0.00;0.17
0.29;0.13
0.68;0.09
0.00;0.17
0.00;0.14
0.00;0.16
0.00;0.18
0.29;0.13
0.00;0.14
0.00;0.18
0.00;0.19
0.00;0.18
0.00;0.17
0.00;0.15
0.33;0.14
0.00;0.16
0.00;0.22
0.00;0.16
0.00;0.17
0.48;0.13
0.00;0.17
0.00;0.17
0.00;0.19
1.68;0.00
0.00;0.18
0.00;0.19
0.09;0.13
0.00;0.19
0.00;0.20
0.18;0.13
0.10;0.12
0.00;0.18
1.10;0.04
0.00;0.18
0.46;0.12
0.00;0.18
0.00;0.18
0.00;0.17
0.00;0.15
0.78;0.09
0.00;0.17
0.00;0.20
0.00;0.21
0.00;0.18
0.00;0.19
1.02;0.06
0.00;0.13
0.00;0.20
0.00;0.17
0.70;0.09
0.00;0.15
0.00;0.17
0.62;0.09
0.00;0.14
0.00;0.19
0.00;0.17
0.00;0.19
0.00;0.18
1.20;0.04
0.00;0.18
0.00;0.15
0.00;0.17
0.00;0.18
0.00;0.14
0.00;0.21
0.00;0.20
0.00;0.18
1.40;0.00
0.00;0.18
0.81;0.06
0.00;0.16
0.00;0.13
0.00;0.17
0.00;0.17
0.00;0.19
0.00;0.19
0.00;0.17
0.00;0.18
0.00;0.15
0.64;0.09
0.00;0.20
0.00;0.23
0.00;0.18
0.00;0.22
0.00;0.18
0.00;0.16
0.00;0.17
0.00;0.17
0.00;0.17
0.00;0.17
0.00;0.00
0.00;0.17
0.00;0.18
0.00;0.20
0.00;0.19
0.07;0.12
0.00;0.16
0.00;0.16
0.00;0.18
0.00;0.18
0.01;0.14
0.00;0.12
0.00;0.18
0.00;0.20
0.37;0.10
0.00;0.19
1.13;0.02
0.00;0.18
0.00;0.20
0.00;0.19
0.00;0.17
1.08;0.07
0.00;0.14
0.00;0.17
0.00;0.18
0.40;0.09
0.09;0.12
0.00;0.18
0.00;0.17
0.00;0.18
0.00;0.19
0.00;0.16
0.00;0.15
0.00;0.17
0.01;0.14
0.00;0.18
0.00;0.00
0.00;0.16
0.24;0.11
1.19;0.01
0.00;0.12
0.00;0.20
0.00;0.16
0.00;0.19
0.00;0.19
0.00;0.16
0.00;0.18
0.00;0.17
0.00;0.19
0.43;0.10
0.00;0.18
0.00;0.18
0.00;0.09
0.00;0.17
0.00;0.18
0.00;0.19
0.00;0.19
0.00;0.18
0.00;0.15
0.00;0.17
0.00;0.17
0.00;0.18
0.00;0.18
0.00;0.18
0.00;0.18
0.79;0.06
0.00;0.19
0.00;0.18
0.00;0.18
0.00;0.18
0.00;0.18
1.00;0.05
0.96;0.06
0.00;0.18
0.00;0.20
0.00;0.16
0.00;0.19
0.00;0.18
0.00;0.18
0.00;0.20
0.00;0.17
0.23;0.13
0.00;0.17
0.00;0.18
0.00;0.18
0.92;0.06
delay,correlation
highshift: (milli*1000)40
highr: (*1000)151
2.34;0.00
0.00;0.19
0.00;0.16
0.00;0.20
0.00;0.16
0.00;0.19
0.00;0.20
0.00;0.19
0.00;0.21
0.00;0.18
0.00;0.18
0.00;0.20
0.00;0.17
0.00;0.16
0.00;0.21
0.98;0.05
0.00;0.18
0.00;0.19
0.00;0.16
0.00;0.18
0.39;0.10
0.00;0.19
0.00;0.15
0.00;0.20
0.00;0.19
0.00;0.19
0.00;0.17
0.00;0.15
0.00;0.15
0.00;0.18
0.00;0.17
0.37;0.14
0.00;0.17
0.00;0.15
0.00;0.16
0.00;0.18
0.00;0.18
0.00;0.19
0.00;0.17
0.00;0.18
0.00;0.15
0.00;0.19
0.00;0.16
0.00;0.19
0.00;0.22
0.00;0.19
0.00;0.20
0.00;0.17
0.00;0.14
0.00;0.14
0.36;0.12
0.00;0.18
0.00;0.20
0.00;0.16
0.00;0.17
0.00;0.16
0.00;0.15
0.00;0.17
0.00;0.18
0.00;0.20
0.00;0.19
0.00;0.16
0.60;0.06
0.00;0.19
0.86;0.06
0.00;0.18
0.19;0.14
0.00;0.18
0.00;0.18
0.00;0.19
0.00;0.20
0.00;0.15
0.00;0.18
0.00;0.19
0.00;0.18
0.00;0.20
0.00;0.19
0.00;0.14
0.00;0.15
0.00;0.16
0.00;0.14
0.00;0.19
0.00;0.13
0.62;0.08
0.00;0.17
0.00;0.19
0.00;0.18
0.00;0.16
0.00;0.18
0.00;0.17
0.00;0.15
0.00;0.15
0.00;0.15
0.00;0.14
0.00;0.18
0.00;0.14
0.00;0.20
0.00;0.19
0.00;0.20
0.00;0.14
0.00;0.19
0.00;0.15
0.00;0.17
0.00;0.17
0.00;0.16
0.00;0.20
0.00;0.20
0.00;0.17
0.00;0.20
0.00;0.16
0.00;0.17
0.00;0.15
0.00;0.18
0.00;0.17
0.00;0.21
0.00;0.15
0.00;0.17
0.00;0.13
0.00;0.20
0.37;0.11
0.00;0.14
0.00;0.18
0.00;0.19
0.00;0.18
0.00;0.14
0.00;0.18
0.00;0.10
0.00;0.17
0.00;0.17
0.00;0.17
0.00;0.18
0.00;0.19
0.00;0.17
0.00;0.16
0.00;0.17
0.00;0.18
0.00;0.17
0.00;0.14
0.00;0.00
0.00;0.15
0.00;0.15
0.00;0.19
0.00;0.12
0.00;0.18
0.00;0.16
0.00;0.21
0.00;0.16
0.00;0.17
0.00;0.19
0.00;0.18
0.00;0.15
0.00;0.17
0.00;0.15
0.00;0.16
0.00;0.17
0.00;0.16
0.00;0.18
0.00;0.19
0.00;0.19
0.00;0.15
0.00;0.19
0.00;0.17
0.00;0.13
0.00;0.18
0.00;0.17
0.00;0.19
0.00;0.13
0.00;0.18
0.00;0.18
0.00;0.17
0.00;0.19
0.00;0.17
0.00;0.16
0.00;0.14
0.00;0.21
0.00;0.16
0.00;0.19
0.00;0.15
0.00;0.17
0.00;0.15
0.00;0.16
0.00;0.18
0.00;0.18
0.00;0.18
0.00;0.14
0.01;0.15
0.00;0.18
0.00;0.19
0.00;0.19
0.00;0.17
0.00;0.11
0.00;0.11
0.00;0.15
0.00;0.17
0.00;0.19
0.00;0.16
0.00;0.18
0.00;0.18
0.00;0.19
0.00;0.13
delay,correlation
highshift: (milli*1000)220
highr: (*1000)147
2.45;0.00
0.00;0.17
0.00;0.17
0.00;0.12
0.00;0.18
0.00;0.18
0.00;0.16
0.00;0.22
0.00;0.15
0.00;0.19
0.00;0.17
0.00;0.12
0.00;0.17
0.00;0.18
0.00;0.14
0.00;0.17
0.00;0.11
0.00;0.16
0.00;0.21
0.00;0.18
0.00;0.18
0.00;0.16
0.00;0.13
0.00;0.15
0.00;0.11
0.00;0.14
0.00;0.14
0.00;0.18
0.00;0.15
0.00;0.17
0.00;0.16
0.00;0.19
0.00;0.21
0.00;0.18
0.00;0.15
0.00;0.16
0.00;0.18
0.00;0.00
0.00;0.16
0.00;0.18
0.00;0.19
0.12;0.13
0.00;0.20
0.00;0.19
0.00;0.13
0.00;0.17
0.00;0.12
0.00;0.17
0.00;0.16
0.00;0.12
0.00;0.18
0.00;0.19
0.00;0.18
0.00;0.18
0.00;0.15
0.00;0.18
0.00;0.10
0.00;0.21
0.00;0.16
0.00;0.16
0.00;0.20
0.00;0.18
0.00;0.17
0.00;0.18
0.00;0.19
0.00;0.18
0.00;0.17
0.00;0.20
0.00;0.16
0.00;0.16
0.00;0.19
0.00;0.12
0.00;0.18
0.00;0.19
0.00;0.17
0.00;0.18
0.00;0.18
0.00;0.12
0.00;0.18
0.00;0.18
0.00;0.14
0.00;0.14
0.00;0.21
0.00;0.16
0.00;0.14
0.00;0.18
0.00;0.17
0.00;0.15
0.00;0.17
0.00;0.17
0.78;0.00
0.00;0.12
0.00;0.19
0.00;0.15
0.00;0.18
0.00;0.18
0.00;0.16
0.00;0.11
0.00;0.14
0.00;0.18
0.00;0.17
0.00;0.18
0.00;0.19
0.00;0.17
0.00;0.18
0.00;0.16
0.00;0.14
0.00;0.16
0.00;0.12
0.00;0.19
0.00;0.11
0.00;0.17
0.00;0.18
0.00;0.15
0.00;0.19
0.00;0.18
0.00;0.16
0.00;0.18
0.00;0.18
0.00;0.18
0.00;0.11
0.00;0.14
0.00;0.15
0.00;0.20
0.00;0.17
0.00;0.16
0.00;0.07
0.00;0.16
0.00;0.17
0.00;0.18
0.00;0.09
0.00;0.18
0.00;0.13
0.00;0.14
0.00;0.20
0.00;0.17
0.00;0.20
0.00;0.17
0.00;0.16
0.00;0.12
0.00;0.18
0.00;0.14
0.00;0.15
0.00;0.15
0.00;0.17
0.00;0.13
0.00;0.16
0.00;0.17
0.00;0.19
0.00;0.16
0.00;0.10
0.00;0.15
0.00;0.10
0.00;0.18
0.00;0.16
0.00;0.17
0.00;0.18
0.00;0.17
0.00;0.11
0.00;0.04
0.00;0.15
0.00;0.16
0.00;0.13
0.00;0.19
0.00;0.17
0.00;0.18
0.00;0.21
0.00;0.17
0.00;0.15
0.00;0.15
0.00;0.18
0.00;0.14
0.00;0.17
0.00;0.15
0.00;0.16
0.00;0.16
0.00;0.08
0.00;0.01
0.00;0.12
0.00;0.18
0.00;0.18
0.00;0.19
0.00;0.17
0.00;0.12
0.00;0.17
0.00;0.08
0.00;0.18
0.00;0.14
0.00;0.11
0.00;0.16
0.00;0.14
0.00;0.14
0.00;0.18
0.00;0.20
0.00;0.15
0.00;0.18
0.00;0.18
0.00;0.15
0.00;0.17
0.00;0.18
delay,correlation
highshift: (milli*1000)410
highr: (*1000)106
1.38;0.00
0.00;0.16
0.00;0.10
0.00;0.16
0.00;0.19
0.00;0.17
0.00;0.17
0.00;0.20
0.00;0.18
0.00;0.05
0.00;0.15
0.00;0.20
0.00;0.13
0.00;0.17
0.00;0.18
0.00;0.17
0.00;0.14
0.00;0.12
0.00;0.19
0.00;0.18
0.00;0.18
0.00;0.18
0.00;0.19
0.00;0.15
0.00;0.11
0.00;0.18
1.32;0.00
0.00;0.10
0.00;0.15
0.00;0.11
0.00;0.09
0.00;0.19
0.00;0.08
0.00;0.18
0.00;0.14
0.00;0.07
0.00;0.17
0.00;0.16
0.00;0.11
0.00;0.19
0.00;0.13
0.00;0.16
0.00;0.16
0.00;0.14
0.00;0.18
0.00;0.06
0.00;0.16
0.00;0.11
0.00;0.16
0.00;0.19
0.00;0.17
0.00;0.18
0.00;0.03
0.00;0.14
0.00;0.11
0.00;0.18
0.00;0.10
0.00;0.16
0.00;0.18
0.00;0.17
0.00;0.20
0.00;0.19
0.00;0.17
0.00;0.18
0.00;0.16
0.00;0.10
0.00;0.15
0.00;0.13
0.00;0.17
0.00;0.18
0.00;0.01
0.00;0.18
0.00;0.10
0.00;0.14
0.00;0.14
0.00;0.18
0.00;0.14
0.00;0.19
0.00;0.16
0.00;0.15
0.00;0.19
0.00;0.13
0.00;0.18
0.00;0.15
0.00;0.17
0.00;0.08
0.00;0.11
0.00;0.18
0.00;0.09
0.00;0.19
0.00;0.19
0.00;0.15
0.00;0.16
0.00;0.20
0.00;0.06
0.00;0.20
0.00;0.14
0.00;0.18
0.00;0.16
0.00;0.16
0.00;0.18
0.00;0.17
0.00;0.19
0.00;0.14
0.00;0.17
0.00;0.18
0.00;0.10
0.00;0.18
0.00;0.10
0.00;0.07
0.00;0.15
0.00;0.09
0.00;0.16
0.00;0.20
0.00;0.17
0.00;0.18
0.00;0.13
0.00;0.12
0.00;0.08
0.00;0.19
0.12;0.15
0.00;0.01
0.00;0.19
0.00;0.16
0.00;0.13
0.00;0.08
0.00;0.17
0.00;0.13
0.00;0.16
0.00;0.18
0.00;0.10
0.00;0.06
0.00;0.14
0.00;0.14
0.00;0.13
0.00;0.18
0.00;0.14
0.00;0.17
0.00;0.05
0.00;0.17
0.00;0.05
0.00;0.17
0.00;0.16
0.00;0.09
0.00;0.12
0.00;0.17
0.00;0.19
0.00;0.16
0.00;0.09
0.00;0.16
0.00;0.17
0.00;0.11
0.00;0.16
0.00;0.09
0.00;0.17
0.00;0.20
0.00;0.16
0.00;0.17
0.00;0.05
0.00;0.11
0.00;0.07
0.00;0.11
0.00;0.00
0.00;0.08
0.00;0.19
0.00;0.17
0.00;0.08
0.00;0.17
0.00;0.15
0.00;0.11
0.00;0.20
0.00;0.14
0.00;0.08
0.00;0.15
0.00;0.18
0.00;0.13
0.00;0.09
0.00;0.17
0.00;0.15
0.00;0.16
0.00;0.05
0.00;0.19
0.00;0.13
0.00;0.18
0.00;0.02
0.00;0.00
0.00;0.10
0.00;0.10
0.00;0.09
0.00;0.03
0.00;0.17
0.00;0.07
0.00;0.09
0.00;0.15
0.00;0.16
0.00;0.18
0.00;0.13
0.00;0.18
0.00;0.07
0.00;0.20
delay,correlation
highshift: (milli*1000)465
highr: (*1000)117
0.00;0.15
0.00;0.09
0.00;0.17
0.00;0.15
0.00;0.09
0.00;0.17
0.00;0.16
0.00;0.06
0.00;0.07
0.00;0.20
0.00;0.16
0.00;0.16
0.00;0.12
0.00;0.18
0.00;0.18
0.00;0.17
0.00;0.08
0.00;0.14
0.00;0.11
0.00;0.13
0.00;0.18
0.00;0.19
0.00;0.17
0.00;0.17
0.00;0.16
0.00;0.11
0.00;0.05
0.00;0.08
0.00;0.16
0.00;0.05
0.00;0.14
0.00;0.12
0.00;0.08
0.00;0.13
0.00;0.13
0.00;0.13
0.00;0.12
0.00;0.19
0.00;0.13
0.00;0.19
0.00;0.16
0.00;0.14
0.00;0.17
0.00;0.15
0.00;0.16
0.00;0.12
0.00;0.14
0.00;0.16
0.00;0.14
0.00;0.06
0.00;0.19
0.00;0.09
0.00;0.17
0.00;0.18
0.00;0.05
0.00;0.14
0.00;0.15
0.00;0.17
0.00;0.16
0.00;0.20
0.00;0.17
0.00;0.12
0.00;0.17
0.00;0.12
0.00;0.10
0.00;0.09
0.00;0.14
0.00;0.03
0.00;0.11
0.00;0.16
0.00;0.13
0.00;0.14
0.00;0.17
0.00;0.15
0.00;0.15
0.00;0.17
0.00;0.04
0.00;0.12
0.00;0.06
0.00;0.16
0.00;0.05
0.00;0.17
0.00;0.15
0.00;0.02
0.00;0.11
0.00;0.08
0.00;0.18
0.00;0.19
0.00;0.19
0.00;0.06
0.00;0.11
0.00;0.07
0.00;0.17
0.00;0.15
0.00;0.12
0.00;0.16
0.00;0.11
0.00;0.20
0.00;0.18
0.00;0.09
0.00;0.09
0.00;0.15
0.00;0.05
0.00;0.17
0.00;0.07
0.00;0.16
0.00;0.06
0.00;0.14
0.00;0.18
0.00;0.19
0.00;0.17
0.00;0.12
0.00;0.20
0.00;0.18
0.00;0.16
0.00;0.09
0.00;0.06
0.00;0.12
0.00;0.18
0.00;0.15
0.00;0.05
0.00;0.17
0.00;0.16
0.00;0.17
0.00;0.15
0.00;0.07
0.00;0.14
0.00;0.20
0.00;0.15
0.00;0.05
0.00;0.17
0.00;0.16
0.00;0.12
0.00;0.14
0.00;0.18
0.00;0.19
0.00;0.12
0.00;0.05
0.00;0.12
0.00;0.10
0.00;0.13
0.00;0.21
0.00;0.13
0.00;0.08
0.00;0.08
0.00;0.11
0.00;0.10
0.00;0.17
0.00;0.14
0.00;0.15
0.00;0.04
0.00;0.18
0.00;0.16
0.00;0.16
0.00;0.16
0.00;0.08
0.00;0.08
0.00;0.06
0.00;0.13
0.00;0.15
0.00;0.06
0.00;0.05
0.00;0.16
0.00;0.11
0.00;0.09
0.00;0.13
0.00;0.06
0.00;0.11
0.00;0.15
0.00;0.18
0.00;0.18
0.00;0.12
0.00;0.04
0.00;0.03
0.00;0.13
0.00;0.14
0.00;0.11
0.00;0.13
0.00;0.17
0.00;0.16
0.00;0.16
0.00;0.05
0.00;0.12
0.00;0.08
0.00;0.16
0.00;0.15
0.00;0.04
0.00;0.04
0.00;0.05
0.00;0.08
0.00;0.10
0.00;0.19
0.00;0.03
0.00;0.05
0.00;0.06
0.00;0.02
0.00;0.11
0.00;0.05
0.00;0.10
0.00;0.11
delay,correlation
highshift: (milli*1000)0
highr: (*1000)-1000
0.00;0.14
0.00;0.08
0.00;0.15
0.00;0.11
0.00;0.14
0.00;0.21
0.00;0.18
0.00;0.14
0.00;0.21
0.00;0.13
0.00;0.06
0.00;0.06
0.00;0.10
0.00;0.04
0.00;0.08
0.00;0.05
0.00;0.09
0.00;0.15
0.00;0.12
0.00;0.16
0.00;0.12
0.00;0.04
0.00;0.06
0.00;0.09
0.00;0.07
0.00;0.13
0.00;0.14
0.00;0.17
0.00;0.17
0.00;0.09
0.00;0.14
0.00;0.11
0.00;0.07
0.00;0.15
0.00;0.17
0.00;0.15
0.00;0.18
0.00;0.10
0.00;0.08
0.00;0.04
0.00;0.01
0.00;0.10
0.00;0.08
0.00;0.18
0.00;0.01
0.00;0.17
0.36;0.00
0.00;0.12
0.00;0.13
0.00;0.14
0.00;0.12
0.00;0.08
0.00;0.06
0.00;0.10
0.00;0.04
0.00;0.04
0.00;0.14
0.00;0.02
0.00;0.11
0.00;0.03
0.00;0.11
0.00;0.14
0.00;0.06
0.00;0.15
0.00;0.07
0.00;0.12
0.00;0.14
0.00;0.07
0.00;0.04
0.00;0.12
0.00;0.08
0.00;0.16
0.00;0.16
0.00;0.11
0.00;0.04
0.00;0.08
0.00;0.07
0.00;0.05
0.00;0.17
0.00;0.15
0.00;0.16
0.00;0.01
0.00;0.08
0.00;0.15
0.00;0.05
0.00;0.10
0.00;0.06
0.00;0.18
0.00;0.17
0.00;0.13
0.00;0.00
0.00;0.11
0.00;0.04
0.00;0.10
0.00;0.10
0.00;0.03
0.00;0.15
0.00;0.12
0.00;0.13
0.00;0.10
0.00;0.19
0.00;0.15
0.00;0.16
0.00;0.07
0.00;0.18
0.00;0.16
0.00;0.12
0.00;0.06
0.00;0.01
0.00;0.03
0.00;0.07
0.00;0.11
0.00;0.06
0.00;0.09
0.00;0.13
0.00;0.13
0.00;0.10
0.00;0.02
0.00;0.14
0.00;0.02
0.00;0.14
0.00;0.12
0.00;0.14
0.00;0.14
0.00;0.10
0.00;0.04
0.00;0.08
0.00;0.14
0.00;0.06
0.00;0.10
0.00;0.00
0.00;0.13
0.00;0.12
0.00;0.18
0.00;0.09
0.00;0.15
0.00;0.11
0.00;0.10
0.00;0.08
0.00;0.01
0.00;0.10
0.00;0.01
0.00;0.06
0.00;0.02
0.00;0.06
0.00;0.13
0.00;0.01
0.00;0.00
0.00;0.01
0.00;0.08
0.00;0.00
0.00;0.03
0.00;0.00
0.00;0.16
0.00;0.10
0.00;0.12
0.00;0.00
0.00;0.04
0.00;0.00
0.00;0.12
0.00;0.04
0.00;0.04
0.00;0.04
0.00;0.11
0.00;0.00
0.00;0.07
0.00;0.03
0.00;0.00
0.00;0.11
0.00;0.00
0.00;0.05
0.00;0.00
0.00;0.09
0.00;0.14
0.00;0.00
0.00;0.04
0.00;0.00
0.00;0.12
0.00;0.01
0.00;0.07
0.00;0.07
0.00;0.13
0.00;0.00
0.00;0.00
0.00;0.12
0.00;0.11
0.00;0.01
0.00;0.01
0.00;0.09
0.00;0.00
0.00;0.01
0.00;0.15
0.00;0.10
0.00;0.04
0.00;0.06
0.00;0.05
0.25;0.00
0.00;0.11
0.00;0.07
0.00;0.04
delay,correlation
highshift: (milli*1000)-205
highr: (*1000)139
0.00;0.17
0.00;0.00
0.00;0.02
0.00;0.02
0.00;0.00
0.00;0.04
0.00;0.11
0.00;0.11
0.00;0.04
0.00;0.00
0.00;0.08
0.00;0.15
0.00;0.03
0.00;0.10
0.00;0.14
0.00;0.07
0.00;0.05
0.00;0.03
0.00;0.08
0.00;0.04
0.00;0.08
0.00;0.09
0.00;0.01
0.00;0.00
0.00;0.04
0.00;0.01
0.00;0.04
0.00;0.11
0.00;0.03
0.00;0.15
0.00;0.03
0.00;0.00
0.00;0.00
0.00;0.11
0.00;0.08
0.00;0.00
0.00;0.08
0.00;0.08
0.00;0.04
0.00;0.02
0.00;0.09
0.00;0.06
0.00;0.03
0.00;0.00
0.00;0.09
0.00;0.04
0.00;0.05
0.00;0.07
0.00;0.09
0.00;0.10
0.00;0.04
0.00;0.02
0.00;0.00
0.00;0.09
0.00;0.08
0.00;0.13
0.00;0.05
0.00;0.01
0.00;0.03
0.00;0.00
0.00;0.11
0.00;0.04
0.00;0.11
0.00;0.00
0.00;0.10
0.00;0.11
0.00;0.14
0.00;0.00
0.00;0.00
0.00;0.01
0.00;0.06
0.00;0.04
0.00;0.04
0.00;0.13
0.01;0.00
0.00;0.01
0.00;0.00
0.00;0.11
0.00;0.00
0.00;0.12
0.00;0.00
0.00;0.01
0.00;0.00
0.00;0.00
0.00;0.06
0.00;0.08
0.00;0.06
0.00;0.00
0.00;0.00
0.00;0.00
0.00;0.04
0.00;0.00
0.00;0.03
0.00;0.06
0.00;0.10
0.00;0.07
0.00;0.10
2.09;0.00
0.00;0.00
0.00;0.10
0.00;0.05
0.00;0.07
0.00;0.13
0.00;0.06
0.00;0.11
0.00;0.05
0.00;0.00
0.00;0.00
0.00;0.00
0.00;0.00
0.00;0.00
0.00;0.00
0.00;0.05
0.00;0.13
0.00;0.06
0.00;0.12
0.00;0.01
0.00;0.00
0.00;0.00
0.00;0.00
0.00;0.00
0.00;0.00
0.00;0.01
0.00;0.00
0.00;0.00
0.06;0.00
0.00;0.10
0.00;0.00
0.00;0.03
0.00;0.11
0.00;0.00
0.00;0.00
0.00;0.02
0.00;0.00
0.00;0.00
0.00;0.01
0.00;0.00
0.00;0.12
0.00;0.06
0.00;0.10
0.00;0.00
0.00;0.06
0.00;0.00
0.00;0.12
0.15;0.00
0.00;0.00
0.00;0.05
0.00;0.04
0.00;0.00
0.00;0.00
0.00;0.05
0.00;0.05
0.00;0.04
0.00;0.00
0.00;0.03
0.00;0.00
0.00;0.05
0.00;0.12
0.00;0.04
0.00;0.06
0.00;0.01
0.00;0.07
0.26;0.00
0.00;0.00
0.00;0.03
0.00;0.00
0.00;0.01
0.00;0.07
0.00;0.02
0.00;0.03
0.58;0.00
0.00;0.00
0.00;0.06
0.00;0.00
0.00;0.00
1.37;0.00
0.00;0.01
0.00;0.04
0.00;0.02
0.00;0.01
0.00;0.03
0.00;0.11
0.00;0.00
0.00;0.13
0.00;0.01
0.00;0.04
0.00;0.00
0.00;0.00
0.00;0.03
0.00;0.08
0.00;0.07
0.00;0.03
0.00;0.00
0.00;0.04
0.00;0.00
0.00;0.00
0.00;0.09
0.00;0.03
0.00;0.00
0.00;0.01
delay,correlation
highshift: (milli*1000)-89
highr: (*1000)163
0.00;0.16
0.71;0.00
0.00;0.04
0.00;0.09
0.00;0.06
0.00;0.10
0.00;0.07
0.00;0.00
0.00;0.00
0.00;0.00
0.00;0.00
0.00;0.00
0.00;0.00
0.00;0.01
0.00;0.00
0.00;0.00
0.38;0.00
0.00;0.00
0.91;0.00
0.00;0.06
0.00;0.04
0.00;0.04
0.00;0.09
0.00;0.00
0.00;0.09
0.00;0.03
0.00;0.09
0.40;0.00
0.00;0.00
0.00;0.00
0.00;0.00
0.00;0.00
0.00;0.00
0.00;0.04
0.00;0.03
2.03;0.00
0.00;0.00
0.00;0.05
0.02;0.00
0.00;0.08
0.00;0.02
0.00;0.07
0.00;0.00
0.00;0.00
0.62;0.00
0.00;0.00
0.00;0.04
0.02;0.00
0.00;0.00
0.00;0.00
0.00;0.00
0.00;0.00
0.00;0.00
1.12;0.00
0.00;0.00
0.00;0.04
0.00;0.00
0.00;0.12
0.00;0.00
0.00;0.06
0.00;0.00
0.00;0.00
0.11;0.00
0.00;0.06
0.00;0.01
0.00;0.00
0.00;0.00
0.00;0.00
0.00;0.00
0.00;0.00
0.00;0.05
0.00;0.01
0.00;0.00
0.00;0.04
0.00;0.00
0.04;0.00
0.00;0.00
0.00;0.04
0.10;0.00
0.00;0.05
0.00;0.02
0.00;0.00
0.25;0.00
0.00;0.00
0.00;0.00
0.00;0.04
0.00;0.05
0.00;0.03
0.88;0.00
0.47;0.00
0.00;0.07
0.00;0.00
0.00;0.00
0.52;0.00
0.00;0.00
0.00;0.00
0.00;0.04
0.00;0.00
0.00;0.04
0.00;0.09
0.00;0.02
0.00;0.00
0.00;0.00
0.00;0.00
0.00;0.00
0.00;0.02
0.00;0.00
0.00;0.00
0.66;0.00
0.00;0.03
0.00;0.01
0.15;0.00
0.00;0.05
0.00;0.00
0.00;0.05
0.47;0.00
0.00;0.03
0.00;0.02
0.00;0.04
0.00;0.01
0.00;0.00
0.00;0.02
0.00;0.03
0.00;0.00
0.00;0.00
0.00;0.02
0.46;0.00
0.00;0.04
0.00;0.00
0.00;0.07
0.00;0.00
0.00;0.00
0.00;0.00
0.29;0.00
0.00;0.00
0.00;0.00
0.00;0.02
0.26;0.00
1.05;0.00
0.00;0.01
0.73;0.00
0.00;0.01
0.00;0.00
0.00;0.00
0.00;0.03
0.00;0.00
1.23;0.00
0.00;0.01
0.53;0.00
0.00;0.01
1.22;0.00
0.00;0.00
0.59;0.00
0.00;0.00
0.00;0.00
0.00;0.00
0.00;0.00
0.30;0.00
0.00;0.02
0.00;0.00
0.08;0.00
0.65;0.00
0.00;0.04
0.00;0.05
0.00;0.00
0.00;0.00
0.36;0.00
0.00;0.00
1.01;0.00
0.00;0.03
0.86;0.00
0.00;0.00
1.18;0.00
0.00;0.00
0.00;0.00
0.00;0.00
0.54;0.00
0.28;0.00
0.00;0.00
0.00;0.00
1.15;0.00
0.00;0.00
0.03;0.00
0.00;0.00
0.06;0.00
0.51;0.00
0.00;0.00
0.00;0.00
0.57;0.00
0.00;0.00
0.98;0.00
0.00;0.00
0.00;0.00
0.00;0.00
1.06;0.00
0.00;0.00
0.00;0.00
0.00;0.09
0.00;0.00
0.00;0.00
delay,correlation
highshift: (milli*1000)-445
highr: (*1000)151
0.00;0.16
0.00;0.01
1.10;0.00
0.00;0.03
0.00;0.00
1.70;0.00
0.71;0.00
0.00;0.00
0.00;0.00
0.00;0.00
0.00;0.00
0.00;0.00
0.00;0.00
0.68;0.00
0.28;0.00
0.00;0.04
0.00;0.03
0.00;0.05
0.00;0.01
0.00;0.00
1.07;0.00
0.00;0.03
0.00;0.00
0.00;0.00
1.29;0.00
0.00;0.00
0.83;0.00
0.00;0.04
1.05;0.00
0.00;0.00
0.17;0.00
0.00;0.00
0.00;0.03
0.69;0.00
0.43;0.00
0.00;0.00
0.52;0.00
0.00;0.00
0.00;0.00
1.62;0.00
0.00;0.03
0.00;0.01
1.20;0.00
0.00;0.00
0.00;0.00
0.00;0.01
0.00;0.00
0.00;0.02
0.00;0.02
0.00;0.04
0.00;0.00
0.00;0.06
0.00;0.01
0.00;0.00
0.00;0.00
0.00;0.00
0.87;0.00
1.58;0.00
0.59;0.00
0.09;0.00
0.00;0.00
0.00;0.05
0.28;0.00
0.22;0.00
1.48;0.00
0.00;0.01
0.00;0.00
0.24;0.00
1.45;0.00
0.00;0.00
0.00;0.00
0.00;0.00
1.11;0.00
0.23;0.00
0.00;0.00
1.66;0.00
0.00;0.00
0.00;0.00
0.45;0.00
0.00;0.00
0.39;0.00
0.00;0.00
0.66;0.00
0.76;0.00
0.58;0.00
0.28;0.00
1.52;0.00
0.00;0.04
0.00;0.00
0.00;0.00
0.00;0.00
0.27;0.00
2.18;0.00
0.07;0.00
0.00;0.00
0.00;0.00
0.00;0.01
0.00;0.00
0.00;0.03
2.48;0.00
0.00;0.00
1.51;0.00
0.52;0.00
1.52;0.00
0.00;0.03
0.00;0.03
0.00;0.01
0.37;0.00
0.00;0.00
0.00;0.00
0.41;0.00
0.16;0.00
0.22;0.00
0.33;0.00
0.03;0.00
0.25;0.00
0.02;0.00
0.00;0.04
0.00;0.01
0.00;0.00
0.00;0.00
0.00;0.00
0.00;0.00
1.15;0.00
0.74;0.00
1.15;0.00
0.00;0.00
1.66;0.00
0.00;0.00
0.24;0.00
1.68;0.00
0.00;0.00
0.04;0.00
0.00;0.03
0.00;0.00
0.00;0.02
0.07;0.00
0.00;0.02
2.17;0.00
0.41;0.00
0.08;0.00
0.00;0.00
0.07;0.00
0.00;0.00
0.00;0.00
1.65;0.00
0.54;0.00
0.17;0.00
0.52;0.00
0.05;0.00
0.00;0.00
0.00;0.03
0.00;0.00
0.00;0.03
0.00;0.00
0.00;0.00
0.07;0.00
0.00;0.00
0.00;0.00
0.00;0.00
0.02;0.00
0.00;0.00
0.00;0.00
1.15;0.00
0.00;0.00
0.68;0.00
0.00;0.00
0.00;0.00
0.91;0.00
1.21;0.00
0.92;0.00
1.08;0.00
0.97;0.00
0.37;0.00
1.84;0.00
0.28;0.00
1.52;0.00
0.00;0.01
0.13;0.00
2.30;0.00
0.24;0.00
0.00;0.00
1.84;0.00
0.59;0.00
0.00;0.00
1.45;0.00
0.37;0.00
0.00;0.00
0.00;0.00
1.13;0.00
0.79;0.00
1.22;0.00
0.00;0.00
1.30;0.00
0.95;0.00
0.55;0.00
1.00;0.00
0.84;0.00
1.90;0.00
0.00;0.00
delay,correlation
highshift: (milli*1000)-24
highr: (*1000)143
0.00;0.14
1.36;0.00
0.60;0.00
1.30;0.00
0.00;0.00
0.94;0.00
1.34;0.00
0.00;0.03
0.00;0.00
2.17;0.00
0.31;0.00
0.00;0.00
0.00;0.00
0.00;0.00
0.00;0.00
0.81;0.00
1.93;0.00
0.35;0.00
0.00;0.00
0.00;0.00
0.00;0.00
0.00;0.00
0.95;0.00
0.29;0.00
0.00;0.00
1.94;0.00
0.33;0.00
0.00;0.00
1.72;0.00
0.00;0.03
0.02;0.00
0.79;0.00
0.00;0.00
0.00;0.04
0.57;0.00
0.98;0.00
0.48;0.00
0.00;0.00
1.02;0.00
1.93;0.00
0.00;0.00
0.00;0.00
1.10;0.00
1.54;0.00
1.11;0.00
1.15;0.00
0.43;0.00
1.27;0.00
1.17;0.00
1.00;0.00
0.48;0.00
0.35;0.00
0.61;0.00
0.96;0.00
1.74;0.00
0.92;0.00
1.65;0.00
0.00;0.02
1.76;0.00
1.04;0.00
0.07;0.00
1.52;0.00
1.41;0.00
0.22;0.00
0.03;0.00
0.00;0.00
0.00;0.06
0.73;0.00
0.01;0.00
1.53;0.00
1.18;0.00
0.00;0.00
0.00;0.00
0.00;0.00
0.00;0.00
0.30;0.00
0.56;0.00
0.00;0.00
0.00;0.00
0.00;0.00
1.06;0.00
0.00;0.00
2.23;0.00
1.81;0.00
0.00;0.00
0.24;0.00
1.12;0.00
0.83;0.00
1.05;0.00
1.84;0.00
0.00;0.00
0.00;0.00
1.23;0.00
0.18;0.00
2.09;0.00
0.84;0.00
0.78;0.00
0.00;0.00
2.38;0.00
0.69;0.00
0.18;0.00
0.95;0.00
1.91;0.00
0.00;0.00
1.59;0.00
2.07;0.00
0.00;0.00
0.00;0.00
0.52;0.00
0.30;0.00
0.33;0.00
0.00;0.00
0.07;0.00
1.67;0.00
1.68;0.00
1.46;0.00
0.83;0.00
1.03;0.00
1.95;0.00
0.00;0.00
2.08;0.00
0.00;0.00
0.85;0.00
0.00;0.00
0.41;0.00
0.00;0.00
0.00;0.00
1.91;0.00
0.00;0.00
0.23;0.00
0.00;0.00
0.70;0.00
0.54;0.00
1.10;0.00
0.00;0.00
0.37;0.00
1.48;0.00
0.00;0.00
0.25;0.00
0.00;0.00
1.11;0.00
1.86;0.00
1.90;0.00
1.55;0.00
1.91;0.00
0.00;0.00
2.07;0.00
1.29;0.00
1.42;0.00
1.82;0.00
0.64;0.00
1.02;0.00
0.00;0.00
0.00;0.00
1.65;0.00
1.97;0.00
0.00;0.00
2.25;0.00
0.13;0.00
0.00;0.00
0.00;0.00
0.00;0.00
1.28;0.00
1.27;0.00
2.06;0.00
1.13;0.00
2.11;0.00
2.05;0.00
1.36;0.00
0.00;0.00
0.00;0.00
1.87;0.00
0.00;0.00
0.32;0.00
0.00;0.00
0.00;0.00
0.17;0.00
0.00;0.00
0.00;0.00
2.05;0.00
0.17;0.00
1.39;0.00
1.94;0.00
0.00;0.00
1.05;0.00
0.00;0.00
0.62;0.00
1.54;0.00
1.17;0.00
0.00;0.00
0.97;0.00
1.53;0.00
0.00;0.00
0.20;0.00
0.38;0.00
0.00;0.00
0.68;0.00
2.07;0.00
1.74;0.00
2.10;0.00
delay,correlation
highshift: (milli*1000)-489
highr: (*1000)226
0.00;0.08
1.73;0.00
0.00;0.00
1.96;0.00
1.64;0.00
0.00;0.00
1.16;0.00
0.00;0.00
0.00;0.00
0.00;0.00
1.13;0.00
0.00;0.00
1.23;0.00
0.00;0.00
1.85;0.00
0.59;0.00
1.45;0.00
0.50;0.00
1.95;0.00
0.41;0.00
1.93;0.00
0.57;0.00
1.66;0.00
0.39;0.00
1.79;0.00
1.79;0.00
1.09;0.00
0.38;0.00
1.22;0.00
1.36;0.00
1.18;0.00
0.22;0.00
1.15;0.00
0.94;0.00
1.08;0.00
0.00;0.00
0.38;0.00
0.71;0.00
1.70;0.00
0.00;0.00
1.96;0.00
0.00;0.00
0.29;0.00
0.00;0.00
0.15;0.00
0.00;0.00
1.09;0.00
0.00;0.00
1.60;0.00
0.16;0.00
1.91;0.00
1.53;0.00
0.10;0.00
0.36;0.00
0.00;0.00
0.30;0.00
0.88;0.00
0.76;0.00
1.88;0.00
0.75;0.00
0.00;0.00
1.79;0.00
1.63;0.00
2.02;0.00
1.49;0.00
0.00;0.00
0.17;0.00
0.33;0.00
0.82;0.00
2.02;0.00
0.00;0.00
0.49;0.00
0.00;0.00
0.00;0.00
1.49;0.00
0.00;0.00
0.44;0.00
2.14;0.00
1.82;0.00
1.03;0.00
1.91;0.00
0.95;0.00
1.42;0.00
0.00;0.00
1.37;0.00
0.51;0.00
2.34;0.00
1.08;0.00
1.76;0.00
1.21;0.00
0.46;0.00
0.42;0.00
0.00;0.00
0.51;0.00
0.00;0.00
1.14;0.00
0.97;0.00
2.12;0.00
2.05;0.00
1.03;0.00
0.94;0.00
1.26;0.00
1.96;0.00
1.94;0.00
0.67;0.00
1.55;0.00
1.91;0.00
2.24;0.00
1.10;0.00
1.37;0.00
1.82;0.00
0.23;0.00
1.57;0.00
1.52;0.00
2.04;0.00
0.87;0.00
1.43;0.00
0.63;0.00
1.99;0.00
1.81;0.00
1.53;0.00
0.63;0.08
0.84;0.00
1.41;0.00
0.73;0.00
1.44;0.00
1.12;0.00
0.07;0.00
0.39;0.00
0.05;0.00
0.49;0.00
0.68;0.00
2.11;0.00
0.43;0.00
0.00;0.00
0.84;0.00
0.00;0.00
0.00;0.00
0.00;0.00
1.93;0.00
1.69;0.00
0.73;0.00
1.68;0.00
1.70;0.00
1.76;0.00
0.94;0.00
2.28;0.00
1.34;0.00
0.16;0.00
0.71;0.00
1.77;0.00
0.34;0.00
2.16;0.00
0.79;0.00
2.30;0.00
1.09;0.00
0.79;0.08
2.23;0.00
2.03;0.00
2.18;0.00
2.17;0.00
1.88;0.00
1.16;0.00
0.77;0.00
0.51;0.00
1.05;0.00
1.71;0.00
1.11;0.00
2.39;0.00
0.22;0.00
1.39;0.00
1.44;0.00
1.54;0.00
1.22;0.00
2.50;0.00
2.03;0.00
1.07;0.00
2.20;0.00
2.06;0.00
2.43;0.00
1.77;0.00
1.37;0.00
2.15;0.00
2.48;0.00
0.76;0.00
2.48;0.00
2.07;0.00
2.47;0.00
2.08;0.00
2.29;0.00
2.48;0.00
1.32;0.03
2.40;0.00
0.00;0.00
2.23;0.00
1.33;0.00
2.32;0.00
1.44;0.00
1.30;0.00
0.00;0.00
delay,correlation
highshift: (milli*1000)-89
highr: (*1000)147
0.00;0.06
1.62;0.00
1.90;0.00
0.27;0.11
2.47;0.00
2.15;0.00
1.53;0.00
1.02;0.00
2.53;0.00
2.08;0.00
2.30;0.00
1.69;0.00
1.08;0.00
2.45;0.00
1.58;0.00
1.64;0.00
2.28;0.00
2.50;0.00
2.26;0.00
1.12;0.00
2.33;0.00
1.77;0.00
1.81;0.00
0.79;0.00
1.77;0.00
2.24;0.00
2.45;0.00
2.23;0.00
1.45;0.00
1.38;0.00
2.52;0.00
1.47;0.00
0.00;0.00
1.50;0.00
2.01;0.00
1.47;0.00
2.31;0.00
2.47;0.00
0.89;0.00
2.35;0.00
2.10;0.00
1.86;0.00
1.62;0.00
2.32;0.00
1.92;0.00
1.00;0.00
1.51;0.00
2.21;0.00
1.55;0.00
0.00;0.00
1.67;0.00
2.11;0.00
2.46;0.00
2.28;0.00
1.50;0.00
1.90;0.00
0.70;0.00
2.46;0.00
1.83;0.00
2.53;0.00
2.39;0.00
2.06;0.00
2.38;0.00
1.97;0.00
1.64;0.00
1.27;0.00
0.77;0.00
0.48;0.00
1.84;0.00
0.76;0.00
0.95;0.00
1.40;0.00
0.92;0.00
1.03;0.00
2.28;0.00
2.30;0.00
2.49;0.00
2.49;0.00
0.68;0.00
1.54;0.00
2.38;0.00
2.50;0.00
2.40;0.00
2.01;0.00
2.47;0.00
2.50;0.00
2.39;0.00
1.33;0.00
2.50;0.00
2.11;0.00
2.12;0.00
0.79;0.00
2.32;0.00
2.25;0.00
1.83;0.00
2.33;0.00
1.81;0.00
2.22;0.00
1.62;0.00
2.51;0.00
2.15;0.00
2.05;0.00
1.87;0.00
1.97;0.00
2.41;0.00
2.11;0.00
1.79;0.00
2.50;0.00
2.34;0.00
1.52;0.00
2.43;0.00
2.44;0.00
2.45;0.00
1.09;0.00
2.26;0.00
1.33;0.00
2.23;0.00
1.10;0.00
2.52;0.00
2.39;0.00
2.42;0.00
2.52;0.00
0.85;0.00
1.72;0.00
1.35;0.00
2.31;0.00
2.45;0.00
2.39;0.00
1.41;0.00
1.78;0.00
2.40;0.00
1.60;0.00
1.82;0.00
0.00;0.00
2.25;0.00
0.95;0.00
2.28;0.00
2.39;0.00
2.33;0.00
1.72;0.00
2.47;0.00
0.79;0.00
2.50;0.00
2.53;0.00
2.50;0.00
2.42;0.00
1.92;0.00
2.04;0.00
2.42;0.00
2.52;0.00
2.45;0.00
2.12;0.00
2.49;0.00
2.17;0.00
2.56;0.00
0.12;0.00
1.94;0.00
0.98;0.00
2.51;0.00
2.04;0.00
2.32;0.00
1.99;0.00
1.51;0.00
1.53;0.00
2.33;0.00
2.27;0.00
2.41;0.00
2.42;0.00
1.76;0.00
2.41;0.00
2.37;0.00
2.38;0.00
2.30;0.00
2.45;0.00
1.65;0.00
1.56;0.00
1.46;0.00
0.90;0.00
1.45;0.00
1.22;0.00
2.18;0.00
2.43;0.00
2.37;0.00
2.40;0.00
2.47;0.00
1.71;0.00
2.48;0.00
2.50;0.00
1.66;0.00
2.20;0.00
1.70;0.00
2.53;0.00
1.99;0.00
2.51;0.00
2.51;0.00
1.81;0.00
2.51;0.00
2.45;0.00
2.51;0.00
2.34;0.00
delay,correlation
highshift: (milli*1000)-424
highr: (*1000)82
0.00;0.01
2.17;0.00
1.99;0.00
2.39;0.00
2.50;0.00
1.84;0.00
2.52;0.00
2.43;0.00
2.38;0.00
2.27;0.00
2.49;0.00
2.51;0.00
2.41;0.00
1.40;0.00
2.49;0.00
2.01;0.00
2.50;0.00
2.50;0.00
1.89;0.00
2.48;0.00
1.15;0.00
2.42;0.00
2.15;0.00
1.98;0.00
2.27;0.00
2.49;0.00
1.75;0.00
2.33;0.00
2.14;0.00
2.52;0.00
2.34;0.00
2.33;0.00
2.40;0.00
1.87;0.00
2.42;0.00
2.04;0.00
2.39;0.00
2.50;0.00
2.31;0.00
2.04;0.00
2.07;0.00
1.44;0.00
2.47;0.00
2.50;0.00
1.70;0.00
2.43;0.00
2.51;0.00
2.53;0.00
2.20;0.00
2.36;0.00
2.15;0.00
2.48;0.00
2.36;0.00
1.12;0.00
2.17;0.00
2.49;0.00
2.36;0.00
2.04;0.00
2.45;0.00
2.52;0.00
2.43;0.00
2.53;0.00
2.39;0.00
2.40;0.00
2.42;0.00
1.68;0.00
0.97;0.00
2.17;0.00
2.51;0.00
2.23;0.00
2.16;0.00
2.45;0.00
2.31;0.00
2.47;0.00
2.25;0.00
2.45;0.00
2.29;0.00
1.04;0.00
2.41;0.00
0.00;0.16
2.56;0.00
2.02;0.00
2.16;0.00
2.53;0.00
2.50;0.00
2.28;0.00
2.49;0.00
2.05;0.00
1.71;0.00
1.62;0.00
2.51;0.00
2.46;0.00
1.92;0.00
2.23;0.00
2.49;0.00
2.51;0.00
2.19;0.00
2.52;0.00
2.16;0.00
1.57;0.00
2.47;0.00
2.49;0.00
2.49;0.00
1.74;0.00
2.23;0.00
2.51;0.00
1.98;0.00
2.50;0.00
2.51;0.00
2.26;0.00
2.52;0.00
2.40;0.00
2.50;0.00
2.44;0.00
2.15;0.00
0.48;0.13
2.45;0.00
2.52;0.00
2.41;0.00
2.52;0.00
2.47;0.00
1.06;0.00
2.30;0.00
1.80;0.00
2.26;0.00
2.01;0.00
2.52;0.00
2.29;0.00
1.64;0.00
2.47;0.00
2.41;0.00
2.47;0.00
2.31;0.00
2.49;0.00
2.15;0.00
1.66;0.00
1.96;0.00
2.40;0.00
2.20;0.00
2.50;0.00
2.42;0.00
0.69;0.00
2.36;0.00
1.03;0.00
2.28;0.00
1.08;0.00
2.37;0.00
1.06;0.00
2.33;0.00
1.65;0.00
2.24;0.00
2.09;0.00
2.07;0.00
2.36;0.00
2.44;0.00
1.83;0.00
2.48;0.00
1.90;0.00
2.27;0.00
2.23;0.00
2.49;0.00
1.79;0.00
2.47;0.00
0.97;0.00
2.34;0.00
2.47;0.00
2.39;0.00
2.11;0.00
1.15;0.04
0.76;0.00
2.39;0.00
2.52;0.00
2.44;0.00
2.30;0.00
1.94;0.00
2.41;0.00
2.43;0.00
2.20;0.00
2.39;0.00
2.26;0.00
2.28;0.00
2.33;0.00
1.75;0.00
2.39;0.00
2.52;0.00
1.95;0.00
2.46;0.00
2.04;0.00
2.12;0.00
1.89;0.00
2.47;0.00
1.51;0.00
2.33;0.00
1.41;0.00
2.21;0.00
2.45;0.00
2.51;0.00
2.16;0.00
2.40;0.00
1.97;0.00
delay,correlation
highshift: (milli*1000)-20
highr: (*1000)87
0.00;0.01
2.50;0.00
2.49;0.00
2.50;0.00
1.73;0.00
2.44;0.00
2.44;0.00
2.33;0.00
1.04;0.00
2.42;0.00
2.43;0.00
2.40;0.00
2.45;0.00
2.01;0.00
2.42;0.00
1.88;0.00
0.00;0.19
2.44;0.00
2.17;0.00
2.16;0.00
2.43;0.00
1.69;0.00
2.51;0.00
2.49;0.00
2.27;0.00
2.50;0.00
2.44;0.00
2.47;0.00
2.44;0.00
2.52;0.00
1.51;0.00
2.56;0.00
1.95;0.00
2.18;0.00
2.17;0.00
2.17;0.00
2.27;0.00
2.42;0.00
2.49;0.00
1.46;0.00
2.46;0.00
1.57;0.00
2.45;0.00
1.35;0.00
2.00;0.00
1.61;0.00
2.53;0.00
2.20;0.00
2.00;0.00
2.44;0.00
2.45;0.00
0.00;0.18
2.51;0.00
2.10;0.00
2.28;0.00
2.46;0.00
1.82;0.00
2.18;0.00
1.89;0.00
2.16;0.00
2.44;0.00
1.92;0.00
2.48;0.00
2.13;0.00
2.49;0.00
2.08;0.00
2.47;0.00
2.41;0.00
2.34;0.00
1.77;0.00
2.51;0.00
2.10;0.00
1.66;0.00
2.45;0.00
2.32;0.00
2.15;0.00
2.18;0.00
1.92;0.00
1.66;0.00
2.50;0.00
2.22;0.00
2.07;0.00
2.50;0.00
1.60;0.00
2.30;0.00
2.51;0.00
2.50;0.00
2.23;0.00
2.31;0.00
2.53;0.00
2.38;0.00
2.32;0.00
2.53;0.00
2.23;0.00
1.92;0.00
2.12;0.00
2.50;0.00
2.31;0.00
2.33;0.00
2.07;0.00
2.40;0.00
2.48;0.00
2.23;0.00
1.66;0.00
2.30;0.00
2.35;0.00
2.16;0.00
2.44;0.00
1.96;0.00
2.40;0.00
2.34;0.00
2.07;0.00
2.01;0.00
2.41;0.00
2.32;0.00
1.92;0.00
1.95;0.00
2.49;0.00
2.22;0.00
1.92;0.00
2.23;0.00
2.45;0.00
0.00;0.19
2.09;0.00
1.95;0.00
2.37;0.00
2.50;0.00
2.41;0.00
2.51;0.00
2.33;0.00
2.48;0.00
2.30;0.00
2.35;0.00
2.50;0.00
2.47;0.00
2.15;0.00
2.43;0.00
2.59;0.00
1.40;0.00
2.00;0.00
0.00;0.17
2.39;0.00
1.97;0.00
2.40;0.00
1.99;0.00
1.67;0.00
2.51;0.00
2.17;0.00
2.48;0.00
2.04;0.00
2.51;0.00
2.27;0.00
2.46;0.00
2.33;0.00
2.53;0.00
2.33;0.00
2.51;0.00
2.41;0.00
2.53;0.00
2.34;0.00
2.28;0.00
2.09;0.00
2.26;0.00
2.42;0.00
2.41;0.00
2.40;0.00
2.37;0.00
2.48;0.00
2.17;0.00
2.44;0.00
1.92;0.00
2.17;0.00
1.57;0.00
2.38;0.00
1.09;0.03
2.12;0.00
2.44;0.00
2.18;0.00
2.52;0.00
2.04;0.00
2.16;0.00
1.74;0.00
2.35;0.00
2.53;0.00
1.93;0.00
2.53;0.00
2.25;0.00
1.86;0.00
2.17;0.00
2.50;0.00
2.44;0.00
2.45;0.00
2.20;0.00
2.34;0.00
2.40;0.00
2.14;0.00
2.39;0.00
2.20;0.00
2.39;0.00
2.41;0.00
delay,correlation
highshift: (milli*1000)-74
highr: (*1000)98
0.00;0.00
2.05;0.00
2.41;0.00
2.31;0.00
1.70;0.00
2.49;0.00
2.21;0.00
2.08;0.00
2.43;0.00
2.41;0.00
2.29;0.00
1.97;0.00
2.10;0.00
1.69;0.00
2.39;0.00
2.49;0.00
2.22;0.00
2.44;0.00
2.19;0.00
1.61;0.00
2.01;0.00
1.46;0.00
2.50;0.00
1.79;0.00
0.82;0.06
2.19;0.00
2.33;0.00
2.19;0.00
1.54;0.00
2.13;0.00
1.77;0.00
2.09;0.00
2.32;0.00
2.12;0.00
2.02;0.00
1.75;0.00
1.89;0.00
2.51;0.00
2.37;0.00
0.62;0.07
1.71;0.00
2.48;0.00
2.48;0.00
2.53;0.00
2.52;0.00
2.51;0.00
1.62;0.00
2.12;0.00
2.43;0.00
2.19;0.00
2.17;0.00
2.34;0.00
2.52;0.00
2.02;0.00
2.40;0.00
2.47;0.00
2.43;0.00
2.32;0.00
2.54;0.00
2.34;0.00
2.44;0.00
1.76;0.00
1.87;0.00
2.37;0.00
2.40;0.00
1.71;0.00
1.86;0.00
2.49;0.00
2.52;0.00
2.02;0.00
0.68;0.08
2.39;0.00
1.05;0.07
2.42;0.00
2.20;0.00
2.52;0.00
2.47;0.00
2.13;0.00
1.98;0.00
1.04;0.05
2.50;0.00
1.56;0.00
2.41;0.00
1.51;0.00
1.96;0.00
2.48;0.00
1.94;0.00
2.25;0.00
2.36;0.00
2.48;0.00
2.23;0.00
2.22;0.00
2.36;0.00
0.35;0.12
0.82;0.07
2.03;0.00
1.34;0.03
2.53;0.00
2.51;0.00
2.39;0.00
2.50;0.00
2.43;0.00
2.06;0.00
2.35;0.00
1.72;0.03
1.15;0.03
1.68;0.00
2.45;0.00
2.50;0.00
2.25;0.00
2.46;0.00
1.93;0.00
2.45;0.00
2.50;0.00
2.49;0.00
1.71;0.00
1.33;0.03
1.79;0.00
1.30;0.04
2.48;0.00
2.39;0.00
2.52;0.00
1.61;0.00
1.52;0.00
1.96;0.00
1.44;0.00
2.31;0.00
2.46;0.00
1.77;0.00
0.73;0.06
1.72;0.00
1.51;0.02
1.70;0.00
2.51;0.00
2.06;0.00
2.51;0.00
2.41;0.00
2.03;0.00
2.11;0.00
2.50;0.00
1.00;0.04
2.44;0.00
2.52;0.00
1.95;0.00
1.72;0.00
1.46;0.00
2.49;0.00
2.02;0.00
2.53;0.00
2.52;0.00
2.46;0.00
2.51;0.00
2.45;0.00
2.49;0.00
2.36;0.00
1.79;0.00
0.59;0.08
2.49;0.00
2.51;0.00
1.57;0.00
1.99;0.00
1.48;0.00
1.42;0.05
1.52;0.00
1.74;0.00
2.49;0.00
2.38;0.00
1.24;0.02
2.46;0.00
2.47;0.00
2.49;0.00
2.52;0.00
2.48;0.00
1.06;0.05
2.49;0.00
2.34;0.00
1.61;0.00
2.49;0.00
2.36;0.00
2.48;0.00
2.32;0.00
1.49;0.03
0.37;0.10
1.68;0.00
1.13;0.06
2.42;0.00
2.35;0.00
2.48;0.00
1.50;0.00
2.35;0.00
2.48;0.00
2.31;0.00
2.51;0.00
2.39;0.00
2.49;0.00
1.22;0.02
2.20;0.00
0.41;0.09
1.36;0.00
1.78;0.01
delay,correlation
highshift: (milli*1000)145
highr: (*1000)149
1.40;0.00
1.42;0.00
0.68;0.11
1.78;0.00
2.30;0.00
2.15;0.00
2.50;0.00
1.97;0.00
1.32;0.01
1.35;0.01
0.00;0.16
2.49;0.00
0.00;0.14
1.61;0.01
2.24;0.00
2.48;0.00
2.04;0.00
1.34;0.00
0.96;0.06
1.57;0.00
1.29;0.01
2.33;0.00
1.82;0.00
1.76;0.00
1.86;0.00
0.73;0.06
1.17;0.06
0.95;0.02
1.95;0.00
2.48;0.00
2.11;0.00
1.60;0.00
0.40;0.11
1.92;0.00
0.31;0.11
2.47;0.00
1.90;0.00
1.38;0.01
1.19;0.02
2.50;0.00
2.32;0.00
2.51;0.00
2.39;0.00
1.86;0.00
2.35;0.00
0.69;0.08
2.18;0.00
0.29;0.13
1.33;0.03
1.76;0.00
2.42;0.00
0.71;0.09
2.43;0.00
1.36;0.00
1.05;0.04
1.77;0.00
1.72;0.00
1.53;0.00
0.35;0.15
1.28;0.02
1.71;0.00
1.30;0.01
1.67;0.00
0.94;0.05
1.97;0.00
0.44;0.11
1.69;0.00
0.65;0.07
2.09;0.00
1.42;0.00
0.01;0.13
0.86;0.07
0.21;0.14
2.08;0.00
1.38;0.00
1.43;0.00
2.16;0.00
2.49;0.00
2.16;0.00
2.44;0.00
1.45;0.00
0.00;0.15
0.19;0.13
2.06;0.00
1.85;0.00
1.34;0.01
1.34;0.00
0.78;0.09
2.48;0.00
0.74;0.08
2.33;0.00
2.41;0.00
2.51;0.00
1.58;0.00
1.01;0.05
0.75;0.10
0.97;0.06
1.40;0.00
0.00;0.18
1.27;0.01
2.03;0.00
2.51;0.00
1.68;0.00
1.35;0.00
0.00;0.14
1.23;0.03
1.42;0.00
1.42;0.00
2.30;0.00
0.66;0.09
2.17;0.00
2.42;0.00
2.39;0.00
2.42;0.00
2.47;0.00
0.00;0.15
0.65;0.07
0.66;0.08
0.80;0.07
1.97;0.00
0.61;0.10
2.46;0.00
0.00;0.19
1.10;0.08
0.15;0.14
1.96;0.00
2.04;0.00
2.49;0.00
0.78;0.07
1.00;0.05
1.99;0.00
1.47;0.01
2.40;0.00
2.17;0.00
2.35;0.00
0.51;0.09
1.88;0.00
2.05;0.00
0.00;0.13
1.45;0.01
2.29;0.00
2.51;0.00
2.39;0.00
1.41;0.00
1.94;0.00
1.30;0.03
1.93;0.00
2.41;0.00
0.07;0.16
1.00;0.03
0.00;0.16
2.17;0.00
0.90;0.05
1.39;0.00
2.44;0.00
0.25;0.12
0.96;0.06
0.28;0.12
1.88;0.00
2.06;0.00
1.37;0.01
0.33;0.12
1.90;0.00
0.87;0.07
1.10;0.04
2.39;0.00
1.06;0.02
0.69;0.10
0.00;0.14
1.39;0.00
2.22;0.00
1.29;0.02
0.81;0.08
2.27;0.00
0.52;0.09
0.69;0.06
2.47;0.00
0.73;0.10
1.30;0.04
1.26;0.02
2.24;0.00
1.86;0.00
2.49;0.00
0.00;0.12
0.23;0.12
1.68;0.00
2.35;0.00
2.39;0.00
1.29;0.02
2.32;0.00
1.44;0.00
2.51;0.00
1.44;0.03
2.35;0.00
1.35;0.02
1.29;0.03
2.46;0.00
1.30;0.01
2.39;0.00
1.77;0.00
delay,correlation
highshift: (milli*1000)-160
highr: (*1000)196
2.21;0.00
2.49;0.00
0.38;0.09
1.19;0.00
0.77;0.08
0.53;0.10
2.51;0.00
2.23;0.00
2.40;0.00
2.18;0.00
1.90;0.00
2.12;0.00
1.75;0.00
2.23;0.00
1.87;0.00
0.00;0.14
1.96;0.00
0.15;0.13
1.14;0.01
2.49;0.00
2.11;0.00
2.13;0.00
1.23;0.03
0.21;0.13
0.97;0.05
2.37;0.00
1.96;0.00
2.49;0.00
1.39;0.02
0.80;0.10
1.82;0.00
2.21;0.00
0.00;0.19
0.92;0.06
1.09;0.06
1.68;0.01
1.33;0.00
0.67;0.06
1.82;0.00
1.38;0.01
0.63;0.08
2.29;0.00
0.46;0.07
2.51;0.00
1.94;0.00
2.11;0.00
1.08;0.06
1.18;0.03
0.72;0.09
1.91;0.00
2.25;0.00
1.26;0.03
2.05;0.00
2.07;0.00
1.18;0.00
1.71;0.01
0.60;0.12
0.29;0.14
1.61;0.00
2.17;0.00
1.22;0.01
2.39;0.00
1.85;0.00
1.63;0.00
0.44;0.10
2.35;0.00
2.08;0.00
1.91;0.00
0.00;0.18
2.47;0.00
0.08;0.15
1.25;0.02
1.96;0.00
1.57;0.00
1.82;0.00
1.31;0.03
0.29;0.12
1.41;0.00
2.45;0.00
1.34;0.03
0.09;0.14
0.00;0.14
1.34;0.00
2.37;0.00
0.07;0.15
2.17;0.00
0.00;0.17
2.43;0.00
0.50;0.10
2.45;0.00
0.25;0.12
2.11;0.00
0.36;0.09
1.16;0.03
1.57;0.00
2.25;0.00
0.44;0.13
1.62;0.00
1.05;0.07
2.15;0.00
0.37;0.11
1.74;0.01
2.17;0.00
0.00;0.08
0.00;0.14
1.35;0.01
0.00;0.14
2.06;0.00
0.08;0.11
2.09;0.00
0.21;0.11
0.87;0.08
1.16;0.02
1.36;0.01
1.21;0.04
2.13;0.00
0.23;0.12
0.24;0.13
1.56;0.00
0.32;0.11
1.03;0.02
1.53;0.01
0.11;0.12
1.75;0.00
1.82;0.00
1.67;0.00
1.54;0.00
2.08;0.00
0.33;0.12
1.61;0.02
0.00;0.19
1.02;0.05
0.00;0.11
1.77;0.00
1.96;0.00
1.87;0.00
0.58;0.08
1.63;0.00
1.87;0.00
1.09;0.05
0.35;0.09
0.17;0.13
0.19;0.12
0.00;0.15
1.77;0.00
1.53;0.00
2.30;0.00
1.46;0.01
1.90;0.00
1.93;0.00
0.00;0.17
0.38;0.12
0.00;0.19
1.86;0.00
0.00;0.16
1.41;0.00
1.23;0.00
1.82;0.00
0.54;0.08
1.92;0.00
0.43;0.12
0.00;0.19
1.58;0.00
0.00;0.18
0.00;0.09
0.00;0.18
1.23;0.03
0.00;0.15
1.68;0.00
1.47;0.01
1.22;0.02
0.33;0.12
0.00;0.14
0.00;0.16
0.00;0.20
0.00;0.13
0.00;0.18
0.00;0.15
0.00;0.18
0.15;0.13
0.00;0.18
1.37;0.04
1.46;0.00
1.31;0.00
0.29;0.11
0.00;0.16
0.07;0.12
0.00;0.16
0.00;0.16
0.00;0.16
0.95;0.04
0.94;0.06
0.00;0.13
2.40;0.00
0.97;0.02
2.09;0.00
1.00;0.03
1.96;0.00
1.25;0.01
0.10;0.17
delay,correlation
highshift: (milli*1000)390
highr: (*1000)134
2.35;0.00
0.00;0.18
1.65;0.00
1.86;0.00
1.86;0.00
1.21;0.03
1.19;0.00
2.30;0.00
0.90;0.07
1.80;0.00
1.21;0.02
1.55;0.00
0.87;0.07
1.75;0.00
1.40;0.00
1.77;0.00
1.80;0.00
1.62;0.00
1.90;0.00
0.00;0.16
0.00;0.20
0.00;0.17
0.00;0.14
0.80;0.09
0.00;0.14
0.00;0.14
0.00;0.17
0.43;0.10
0.00;0.18
1.15;0.00
0.28;0.11
0.00;0.14
0.00;0.16
1.32;0.02
0.95;0.05
0.00;0.15
1.30;0.03
0.08;0.14
0.00;0.15
0.00;0.21
0.00;0.18
0.00;0.21
0.00;0.19
0.00;0.19
0.00;0.15
0.00;0.19
0.00;0.17
0.00;0.16
0.00;0.17
1.71;0.00
0.64;0.12
0.00;0.12
0.00;0.19
1.11;0.06
0.00;0.18
0.22;0.13
0.37;0.10
0.00;0.18
0.00;0.17
0.00;0.18
1.30;0.02
0.82;0.10
1.00;0.05
1.33;0.02
0.00;0.16
0.00;0.18
0.00;0.16
0.00;0.15
0.00;0.17
0.00;0.14
0.00;0.22
0.18;0.12
0.00;0.16
0.00;0.19
0.00;0.17
0.00;0.16
0.00;0.19
1.11;0.04
0.00;0.24
0.00;0.15
0.79;0.07
0.00;0.17
0.16;0.09
0.88;0.06
1.67;0.00
0.00;0.17
0.00;0.15
0.90;0.05
1.97;0.00
0.24;0.11
0.00;0.18
1.42;0.00
0.00;0.16
0.00;0.18
0.34;0.11
1.17;0.00
0.37;0.11
0.00;0.14
0.00;0.16
0.00;0.15
0.00;0.20
0.00;0.17
0.67;0.10
0.00;0.20
1.12;0.02
0.50;0.10
0.00;0.16
0.00;0.15
0.57;0.08
0.00;0.17
0.00;0.20
0.00;0.19
0.00;0.15
1.20;0.01
1.32;0.01
1.48;0.00
0.00;0.19
0.00;0.17
0.00;0.20
1.37;0.02
0.47;0.11
0.78;0.09
0.00;0.18
0.00;0.12
0.00;0.12
0.00;0.19
0.21;0.11
0.00;0.17
0.00;0.18
1.18;0.10
1.09;0.03
0.39;0.09
0.00;0.18
1.11;0.05
0.44;0.11
0.00;0.20
0.00;0.17
0.00;0.15
0.26;0.12
0.00;0.17
0.51;0.10
0.00;0.18
0.00;0.17
0.44;0.10
0.42;0.10
0.00;0.18
0.70;0.11
0.00;0.18
0.00;0.18
0.00;0.19
0.00;0.19
0.00;0.21
0.47;0.10
0.00;0.16
1.09;0.01
0.00;0.21
0.00;0.17
0.46;0.10
0.00;0.18
0.00;0.16
0.00;0.19
0.49;0.12
0.00;0.17
1.88;0.00
0.78;0.07
0.91;0.07
1.03;0.03
1.79;0.00
0.03;0.13
0.00;0.20
1.04;0.04
0.00;0.17
0.00;0.15
0.00;0.20
0.00;0.19
0.00;0.18
0.00;0.20
0.20;0.12
0.48;0.13
0.00;0.17
0.00;0.19
0.00;0.15
0.00;0.15
0.00;0.19
0.00;0.18
0.00;0.17
0.00;0.17
1.12;0.05
0.86;0.01
0.00;0.17
0.00;0.17
0.56;0.11
1.67;0.00
0.83;0.07
0.00;0.15
0.00;0.17
0.00;0.18
0.00;0.20
0.00;0.16
0.00;0.20
delay,correlation
highshift: (milli*1000)325
highr: (*1000)132
2.08;0.00
0.00;0.22
0.00;0.17
0.00;0.16
0.00;0.16
0.00;0.19
0.00;0.18
0.00;0.18
0.00;0.19
0.00;0.18
0.00;0.16
0.17;0.11
0.00;0.14
0.00;0.15
0.00;0.18
0.33;0.11
0.00;0.18
0.00;0.20
0.00;0.19
0.00;0.16
0.00;0.15
0.00;0.20
0.00;0.18
0.00;0.19
0.00;0.16
0.00;0.16
0.00;0.21
0.00;0.19
0.00;0.19
0.00;0.15
0.00;0.17
0.15;0.11
0.00;0.17
0.23;0.12
0.00;0.18
0.00;0.15
0.06;0.14
1.50;0.00
0.46;0.10
1.86;0.00
0.00;0.19
0.00;0.17
0.00;0.22
0.00;0.16
0.00;0.16
0.00;0.20
0.79;0.07
0.00;0.19
0.00;0.18
0.00;0.18
0.00;0.19
0.00;0.17
0.00;0.20
0.00;0.18
1.50;0.00
0.00;0.18
0.00;0.19
0.00;0.16
0.00;0.17
0.00;0.15
0.00;0.18
0.00;0.18
0.00;0.15
1.30;0.00
0.04;0.15
0.00;0.19
0.00;0.20
0.00;0.18
0.07;0.13
0.73;0.08
0.00;0.14
0.00;0.14
0.00;0.17
0.00;0.18
0.00;0.17
0.00;0.18
0.00;0.19
0.00;0.15
0.00;0.16
0.00;0.17
0.00;0.18
0.00;0.19
0.00;0.19
0.00;0.17
0.00;0.21
0.00;0.18
0.00;0.18
0.13;0.14
0.00;0.17
0.00;0.18
0.30;0.14
0.32;0.12
0.00;0.14
0.00;0.17
0.08;0.13
0.00;0.19
0.05;0.12
0.00;0.19
0.00;0.16
0.07;0.14
0.00;0.17
0.00;0.16
0.00;0.16
0.62;0.10
0.00;0.18
0.00;0.18
0.00;0.15
0.00;0.14
0.00;0.16
0.00;0.18
0.00;0.15
0.00;0.20
0.00;0.18
0.00;0.18
0.00;0.01
0.00;0.19
0.00;0.19
0.00;0.15
0.00;0.14
0.00;0.22
0.22;0.11
0.00;0.18
0.00;0.17
0.00;0.20
0.00;0.17
0.00;0.14
0.00;0.18
0.35;0.12
0.00;0.16
0.00;0.17
0.00;0.18
0.00;0.17
0.00;0.17
0.42;0.12
0.78;0.10
0.00;0.16
0.27;0.11
0.11;0.13
0.10;0.16
0.00;0.19
0.00;0.19
0.00;0.19
0.00;0.13
1.14;0.03
0.00;0.19
0.82;0.08
0.00;0.16
0.00;0.16
0.00;0.13
0.00;0.18
0.00;0.19
0.00;0.19
0.00;0.15
0.11;0.15
1.09;0.00
0.00;0.19
0.61;0.11
0.00;0.18
0.00;0.13
0.00;0.17
0.00;0.18
0.00;0.15
0.00;0.16
0.00;0.17
0.00;0.19
0.00;0.20
0.00;0.18
0.00;0.16
0.00;0.13
0.00;0.20
0.00;0.14
0.00;0.16
0.00;0.17
0.00;0.16
0.00;0.15
1.02;0.05
0.00;0.19
0.00;0.18
0.00;0.19
0.00;0.17
0.00;0.18
0.00;0.16
0.00;0.17
0.00;0.15
0.00;0.20
0.00;0.17
0.00;0.19
0.00;0.19
0.00;0.15
1.36;0.01
0.00;0.19
0.00;0.17
0.00;0.18
0.00;0.20
0.00;0.19
0.00;0.18
0.00;0.17
0.00;0.18
0.00;0.16
0.00;0.18
delay,correlation
highshift: (milli*1000)-225
highr: (*1000)109
2.49;0.00
0.00;0.15
0.00;0.21
0.40;0.11
0.00;0.16
0.05;0.13
0.00;0.21
1.25;0.01
0.78;0.09
0.00;0.19
0.15;0.15
0.00;0.17
0.00;0.20
0.00;0.15
0.00;0.17
0.00;0.01
0.40;0.11
0.00;0.18
0.81;0.06
0.00;0.17
0.00;0.17
0.86;0.06
0.00;0.12
0.00;0.16
0.00;0.18
0.26;0.12
0.00;0.17
0.00;0.18
0.00;0.17
0.00;0.19
0.00;0.18
0.11;0.14
0.00;0.13
0.00;0.17
0.00;0.18
0.00;0.19
0.00;0.18
0.09;0.12
0.00;0.16
0.00;0.18
0.00;0.19
0.15;0.15
0.00;0.17
1.09;0.05
0.00;0.17
0.00;0.16
0.00;0.18
0.57;0.08
0.00;0.19
0.00;0.17
0.00;0.19
0.00;0.15
0.00;0.18
0.00;0.17
0.53;0.10
0.00;0.16
0.00;0.13
0.00;0.17
0.00;0.19
0.00;0.13
0.00;0.14
0.00;0.16
0.46;0.10
0.00;0.17
0.00;0.16
1.18;0.02
0.00;0.22
0.00;0.11
0.00;0.17
0.00;0.16
0.00;0.16
0.55;0.08
0.00;0.15
0.65;0.09
0.00;0.17
0.00;0.17
0.00;0.17
0.00;0.18
0.00;0.17
0.00;0.16
0.00;0.17
0.00;0.16
0.00;0.15
0.00;0.18
0.00;0.12
0.00;0.15
0.00;0.12
0.61;0.09
0.00;0.16
0.02;0.16
0.00;0.17
0.47;0.11
0.00;0.18
0.00;0.18
0.00;0.14
0.75;0.08
0.00;0.17
0.00;0.17
0.00;0.14
0.00;0.17
0.00;0.18
0.00;0.14
0.04;0.14
0.00;0.16
0.00;0.17
0.00;0.16
0.00;0.17
0.00;0.20
0.00;0.13
0.00;0.17
0.00;0.18
0.00;0.14
0.00;0.18
0.00;0.16
0.00;0.18
0.00;0.18
0.00;0.14
0.21;0.12
0.00;0.19
1.51;0.00
0.00;0.17
0.00;0.18
0.00;0.20
0.00;0.15
0.00;0.18
0.00;0.16
0.00;0.16
0.00;0.18
0.00;0.17
0.47;0.12
0.00;0.22
0.00;0.18
0.00;0.19
0.00;0.13
0.00;0.18
0.19;0.11
0.00;0.11
0.00;0.14
0.00;0.14
0.19;0.13
0.00;0.15
0.00;0.17
0.00;0.18
0.00;0.21
0.00;0.17
0.00;0.17
0.00;0.18
0.00;0.14
0.08;0.15
0.00;0.18
0.00;0.15
0.00;0.17
0.00;0.15
0.00;0.17
0.00;0.11
0.00;0.15
0.00;0.19
0.00;0.17
0.00;0.17
0.00;0.17
0.00;0.20
0.00;0.12
0.00;0.18
0.00;0.16
0.29;0.11
0.00;0.11
0.26;0.12
0.00;0.22
0.00;0.18
0.00;0.16
0.00;0.17
0.00;0.17
0.00;0.19
0.10;0.14
0.00;0.17
0.39;0.08
0.00;0.18
0.00;0.16
0.00;0.15
0.00;0.16
0.00;0.21
0.00;0.17
0.00;0.14
0.31;0.11
0.00;0.17
0.00;0.18
0.09;0.13
0.00;0.19
0.00;0.09
0.00;0.18
0.00;0.18
0.00;0.21
0.00;0.20
0.00;0.15
0.00;0.19
0.00;0.19
0.00;0.20
0.00;0.19
0.00;0.18
0.00;0.18
delay,correlation
highshift: (milli*1000)134
highr: (*1000)117
0.00;0.18
0.00;0.16
0.00;0.16
0.00;0.17
0.00;0.19
0.00;0.16
0.00;0.19
0.00;0.22
0.00;0.21
0.00;0.20
0.00;0.17
0.00;0.17
0.00;0.15
0.00;0.20
0.00;0.14
0.00;0.16
0.00;0.13
0.00;0.17
0.00;0.19
0.00;0.18
0.00;0.17
0.00;0.08
0.00;0.13
0.00;0.14
0.00;0.19
0.00;0.17
0.00;0.14
0.00;0.16
0.00;0.18
0.00;0.17
0.00;0.18
0.00;0.18
0.00;0.10
0.03;0.17
0.00;0.16
0.00;0.19
0.00;0.17
0.00;0.11
0.00;0.17
0.00;0.18
0.00;0.14
0.00;0.08
0.00;0.18
0.00;0.13
0.00;0.17
0.00;0.12
0.00;0.19
0.00;0.14
0.00;0.17
0.00;0.15
0.00;0.15
0.00;0.16
0.00;0.11
0.00;0.18
0.00;0.13
0.00;0.16
0.00;0.11
0.00;0.19
0.00;0.11
0.00;0.18
0.00;0.16
0.00;0.16
0.00;0.18
0.00;0.17
0.00;0.18
0.00;0.13
0.00;0.13
0.00;0.13
0.00;0.23
0.00;0.15
0.00;0.16
0.00;0.16
0.00;0.12
0.00;0.18
0.00;0.11
0.00;0.16
0.00;0.10
0.00;0.17
0.00;0.11
0.00;0.22
0.00;0.18
0.03;0.12
0.00;0.18
0.00;0.18
0.00;0.17
0.00;0.16
0.00;0.18
0.00;0.15
0.00;0.17
0.00;0.20
0.00;0.18
0.00;0.19
0.00;0.18
0.00;0.16
0.00;0.16
0.00;0.16
0.00;0.17
0.00;0.18
0.00;0.19
0.00;0.14
0.00;0.08
0.00;0.16
0.00;0.10
0.00;0.16
0.00;0.18
0.00;0.12
0.00;0.18
0.00;0.11
0.00;0.19
0.00;0.18
0.00;0.16
0.00;0.14
0.00;0.12
0.00;0.13
0.00;0.17
0.00;0.15
0.00;0.17
0.00;0.20
0.00;0.20
0.00;0.15
0.00;0.18
0.00;0.19
0.00;0.18
0.00;0.17
0.00;0.15
0.00;0.08
0.00;0.19
0.00;0.17
0.00;0.16
0.00;0.18
0.00;0.19
0.00;0.13
0.00;0.14
0.00;0.13
0.00;0.15
0.00;0.12
0.00;0.16
0.00;0.14
0.00;0.18
0.00;0.14
0.00;0.17
0.00;0.13
0.00;0.13
0.00;0.11
0.00;0.20
0.00;0.20
0.00;0.00
0.00;0.16
0.00;0.15
0.00;0.19
0.00;0.17
0.00;0.14
0.00;0.12
0.00;0.17
0.00;0.14
0.00;0.12
0.00;0.16
0.00;0.11
0.00;0.19
0.00;0.14
0.00;0.14
0.00;0.16
0.00;0.17
0.00;0.18
0.00;0.07
0.00;0.18
0.00;0.11
0.00;0.19
0.00;0.20
0.00;0.17
0.00;0.20
0.00;0.11
0.00;0.18
0.00;0.17
0.00;0.18
0.00;0.17
0.00;0.18
0.00;0.09
0.00;0.13
0.00;0.18
0.00;0.18
0.00;0.14
0.00;0.11
0.00;0.17
0.00;0.20
0.00;0.19
0.00;0.12
0.00;0.12
0.00;0.19
0.00;0.18
0.00;0.08
0.00;0.17
0.00;0.11
0.00;0.10
0.00;0.21
0.00;0.18
0.00;0.13
0.00;0.09
0.00;0.18
0.00;0.19
delay,correlation
highshift: (milli*1000)-65
highr: (*1000)143
1.53;0.00
0.00;0.13
0.00;0.11
0.00;0.16
0.00;0.18
0.00;0.17
0.00;0.17
0.00;0.16
0.33;0.00
0.00;0.15
0.00;0.18
0.00;0.15
0.00;0.19
0.00;0.20
0.00;0.18
0.00;0.17
0.00;0.17
0.00;0.20
0.00;0.18
0.00;0.14
0.00;0.16
0.00;0.19
0.00;0.16
0.00;0.16
0.00;0.19
0.00;0.08
0.00;0.19
0.00;0.19
0.00;0.14
0.00;0.13
0.00;0.11
0.00;0.15
0.00;0.18
0.00;0.20
0.00;0.15
0.00;0.11
0.00;0.11
0.00;0.17
0.00;0.21
0.00;0.15
0.00;0.18
0.00;0.19
0.00;0.13
0.00;0.18
0.00;0.17
0.00;0.13
0.00;0.12
0.00;0.19
0.00;0.18
0.00;0.19
0.00;0.11
0.00;0.07
0.00;0.18
0.00;0.18
0.00;0.18
0.00;0.12
0.00;0.17
0.00;0.15
0.00;0.11
0.00;0.18
0.00;0.18
0.00;0.15
0.00;0.04
0.00;0.14
0.00;0.03
0.00;0.12
0.00;0.06
0.00;0.11
0.00;0.17
0.00;0.13
0.00;0.17
0.00;0.16
0.00;0.12
0.00;0.20
0.00;0.18
0.00;0.15
0.00;0.20
0.00;0.08
0.00;0.15
0.00;0.09
0.00;0.09
0.00;0.15
0.00;0.16
0.00;0.15
0.00;0.09
0.00;0.13
0.00;0.11
0.00;0.21
0.00;0.16
0.00;0.18
0.00;0.11
0.00;0.19
0.00;0.14
0.00;0.16
0.00;0.16
0.00;0.15
0.00;0.17
0.00;0.15
0.00;0.10
0.00;0.06
0.00;0.17
0.00;0.17
0.00;0.15
0.00;0.18
0.00;0.05
0.00;0.17
0.00;0.13
0.00;0.20
0.00;0.00
0.00;0.16
0.00;0.15
0.00;0.20
0.00;0.20
0.00;0.18
0.00;0.12
0.00;0.11
0.00;0.08
0.00;0.10
0.00;0.16
0.00;0.12
0.00;0.19
0.00;0.13
0.00;0.17
0.00;0.18
0.00;0.17
0.00;0.16
0.00;0.15
0.00;0.13
0.00;0.17
0.00;0.16
0.00;0.16
0.00;0.15
0.00;0.14
0.00;0.12
0.00;0.12
0.00;0.06
0.00;0.16
0.00;0.18
0.00;0.16
0.00;0.16
0.00;0.18
0.00;0.16
0.00;0.12
0.00;0.06
0.00;0.09
0.00;0.16
0.00;0.19
0.00;0.18
0.00;0.17
0.00;0.14
0.00;0.10
0.00;0.20
0.00;0.16
0.00;0.13
0.00;0.13
0.00;0.10
0.00;0.16
0.00;0.19
0.00;0.17
0.00;0.17
0.00;0.18
0.00;0.05
0.00;0.10
0.00;0.15
0.00;0.16
0.00;0.14
0.00;0.08
0.00;0.01
0.00;0.05
0.00;0.14
0.00;0.15
0.00;0.10
0.00;0.16
0.00;0.15
0.00;0.09
0.00;0.13
0.00;0.10
0.00;0.12
0.00;0.10
0.00;0.13
0.00;0.10
0.00;0.15
0.00;0.17
0.00;0.12
0.00;0.18
0.00;0.13
0.00;0.18
0.00;0.00
0.00;0.12
0.00;0.17
0.00;0.03
0.00;0.22
0.00;0.11
0.00;0.10
0.00;0.12
0.00;0.14
0.00;0.18
0.00;0.19
0.00;0.15
0.00;0.19
delay,correlation
highshift: (milli*1000)435
highr: (*1000)106
0.00;0.15
0.00;0.08
0.00;0.17
0.00;0.19
0.00;0.16
0.00;0.14
0.00;0.10
0.00;0.17
0.00;0.16
0.00;0.13
0.00;0.15
0.00;0.13
0.00;0.09
0.00;0.17
0.00;0.17
0.00;0.17
0.00;0.12
0.00;0.14
0.00;0.19
0.00;0.12
0.00;0.16
0.00;0.08
0.00;0.09
0.00;0.17
0.00;0.05
0.00;0.15
0.00;0.09
0.00;0.08
0.00;0.10
0.00;0.07
0.00;0.14
0.00;0.13
0.39;0.00
0.00;0.08
0.00;0.11
0.00;0.04
0.00;0.13
0.00;0.15
0.00;0.10
0.00;0.14
0.00;0.21
0.00;0.11
0.00;0.16
0.00;0.17
0.00;0.07
0.00;0.18
0.00;0.11
0.00;0.19
0.00;0.10
0.00;0.11
0.00;0.13
0.00;0.05
0.00;0.11
0.00;0.10
0.00;0.10
0.00;0.14
0.00;0.15
0.00;0.13
0.00;0.15
0.00;0.15
0.00;0.19
0.00;0.12
0.00;0.17
0.00;0.14
0.00;0.19
0.00;0.18
0.00;0.00
0.00;0.16
0.00;0.15
0.00;0.20
0.00;0.08
0.00;0.12
0.00;0.18
0.00;0.16
0.00;0.03
0.00;0.20
0.00;0.16
0.00;0.01
0.00;0.16
0.00;0.03
0.00;0.21
0.00;0.11
0.00;0.15
0.00;0.04
0.00;0.15
0.00;0.02
0.00;0.18
0.00;0.19
0.00;0.12
0.00;0.20
0.00;0.12
0.00;0.07
0.00;0.08
0.00;0.07
0.00;0.01
0.00;0.20
0.00;0.02
0.00;0.11
0.00;0.18
0.00;0.06
0.00;0.20
0.00;0.10
0.00;0.00
0.00;0.06
0.00;0.14
0.00;0.04
0.00;0.00
0.00;0.12
0.00;0.05
0.00;0.08
0.00;0.14
0.00;0.16
0.00;0.10
0.00;0.20
0.00;0.09
0.00;0.09
0.00;0.15
0.00;0.14
0.00;0.03
0.00;0.17
0.00;0.10
0.00;0.03
0.00;0.10
0.00;0.11
0.00;0.06
0.00;0.05
0.00;0.03
0.00;0.16
0.00;0.14
0.00;0.05
0.00;0.03
0.00;0.16
0.00;0.10
0.00;0.17
0.00;0.13
0.00;0.14
0.00;0.08
0.00;0.10
0.00;0.03
0.00;0.13
0.00;0.08
0.00;0.04
0.00;0.00
0.00;0.06
0.00;0.17
0.00;0.15
0.00;0.15
0.00;0.13
0.00;0.16
0.00;0.07
0.00;0.19
0.00;0.11
0.00;0.17
0.00;0.03
0.00;0.15
0.00;0.08
0.00;0.02
0.00;0.06
0.00;0.14
0.00;0.16
0.00;0.03
0.00;0.14
0.00;0.09
0.00;0.07
0.00;0.16
0.00;0.11
0.00;0.08
0.00;0.14
0.00;0.15
0.00;0.05
0.00;0.17
0.00;0.14
0.00;0.09
0.00;0.16
0.00;0.16
0.00;0.16
0.00;0.04
0.00;0.17
0.00;0.00
0.00;0.16
0.00;0.16
0.00;0.15
0.00;0.09
0.00;0.16
0.00;0.05
0.00;0.08
0.00;0.17
0.00;0.10
0.00;0.18
0.00;0.10
0.00;0.05
0.00;0.12
0.00;0.13
0.00;0.14
0.00;0.14
0.00;0.10
0.00;0.03
0.00;0.15
0.00;0.08
0.00;0.19
delay,correlation
highshift: (milli*1000)240
highr: (*1000)132
0.10;0.14
0.00;0.08
0.00;0.07
0.00;0.01
0.00;0.03
0.00;0.10
0.00;0.06
0.00;0.06
0.00;0.03
0.00;0.16
0.00;0.10
0.00;0.14
0.00;0.00
0.00;0.06
0.00;0.13
0.00;0.16
0.00;0.03
0.00;0.20
0.00;0.04
0.00;0.00
0.00;0.12
0.00;0.09
0.00;0.14
0.00;0.13
0.00;0.06
0.00;0.05
0.00;0.02
0.00;0.01
0.00;0.04
0.00;0.16
0.00;0.08
0.00;0.17
0.00;0.11
0.00;0.00
0.00;0.03
0.00;0.03
2.52;0.00
0.00;0.08
0.00;0.08
0.00;0.15
0.00;0.06
0.00;0.04
0.00;0.12
0.00;0.09
0.00;0.09
0.00;0.05
0.00;0.04
0.00;0.07
0.00;0.09
0.00;0.08
0.00;0.15
0.00;0.12
0.00;0.05
0.00;0.09
0.00;0.01
0.00;0.03
0.00;0.07
0.00;0.14
0.00;0.12
0.00;0.15
0.00;0.03
0.00;0.09
0.00;0.05
0.00;0.00
0.00;0.11
0.00;0.04
0.00;0.08
0.00;0.06
0.00;0.10
0.00;0.07
0.00;0.09
0.00;0.00
0.00;0.02
0.00;0.17
0.00;0.07
0.00;0.06
0.00;0.07
0.00;0.11
0.00;0.12
0.00;0.13
0.00;0.12
0.00;0.17
0.00;0.11
0.00;0.12
0.00;0.02
0.00;0.16
0.00;0.03
0.00;0.14
0.00;0.17
0.00;0.10
0.00;0.00
0.00;0.11
0.00;0.09
0.00;0.01
0.00;0.03
0.00;0.02
0.00;0.02
0.00;0.02
0.00;0.03
0.00;0.05
0.00;0.00
0.00;0.09
0.00;0.11
0.00;0.16
0.00;0.09
0.00;0.16
0.00;0.06
0.00;0.05
0.00;0.05
0.00;0.00
0.00;0.10
0.00;0.06
0.00;0.05
0.00;0.15
0.00;0.10
0.00;0.00
0.00;0.09
0.00;0.06
0.00;0.00
0.00;0.03
0.00;0.00
0.00;0.06
0.00;0.01
0.00;0.15
0.00;0.00
0.00;0.06
0.00;0.12
0.00;0.12
0.00;0.17
0.00;0.11
0.00;0.18
0.00;0.12
0.00;0.03
0.00;0.00
0.00;0.09
0.00;0.01
0.00;0.09
0.00;0.00
0.00;0.08
0.00;0.20
0.00;0.10
0.00;0.08
0.00;0.02
0.00;0.10
0.00;0.00
0.00;0.16
0.00;0.01
0.00;0.16
0.00;0.00
0.00;0.04
0.00;0.02
0.00;0.00
0.00;0.10
0.00;0.08
0.00;0.01
0.00;0.00
0.00;0.00
0.00;0.00
0.00;0.11
0.00;0.02
0.00;0.12
0.00;0.07
0.00;0.07
0.00;0.17
0.00;0.04
0.00;0.18
0.00;0.00
0.00;0.15
0.00;0.04
0.00;0.08
0.00;0.00
0.00;0.15
0.00;0.10
0.00;0.06
0.00;0.15
0.00;0.06
0.00;0.03
0.00;0.01
0.00;0.11
0.00;0.00
0.00;0.11
0.00;0.10
0.00;0.04
0.00;0.15
0.00;0.00
0.00;0.05
0.00;0.05
0.00;0.12
0.00;0.00
0.00;0.03
0.00;0.00
0.00;0.11
0.00;0.11
0.00;0.00
0.00;0.00
0.00;0.07
0.00;0.02
0.00;0.09
0.00;0.01
0.00;0.11
delay,correlation
highshift: (milli*1000)-95
highr: (*1000)160
0.00;0.21
0.00;0.03
0.00;0.12
0.00;0.10
0.00;0.13
0.00;0.04
0.00;0.09
0.00;0.05
0.00;0.03
0.00;0.04
0.00;0.03
0.00;0.09
0.00;0.14
0.00;0.08
0.00;0.13
0.00;0.13
0.00;0.07
0.00;0.17
0.00;0.10
0.00;0.01
0.00;0.00
0.00;0.03
0.00;0.00
0.00;0.00
0.00;0.09
0.00;0.02
0.00;0.09
0.00;0.07
0.00;0.16
0.00;0.03
0.00;0.16
0.00;0.00
0.00;0.17
0.00;0.11
0.00;0.06
0.00;0.10
0.00;0.10
0.00;0.03
0.00;0.08
0.00;0.12
0.00;0.01
0.00;0.16
0.00;0.05
0.00;0.09
0.00;0.08
0.00;0.10
0.00;0.00
0.00;0.14
0.00;0.08
0.00;0.04
0.00;0.15
0.00;0.00
0.00;0.13
0.00;0.00
0.00;0.00
0.00;0.05
0.00;0.03
0.00;0.06
0.00;0.16
0.00;0.10
0.00;0.02
0.00;0.00
0.00;0.06
0.00;0.13
0.00;0.00
0.00;0.12
0.00;0.00
0.00;0.01
0.00;0.00
0.00;0.00
0.00;0.13
0.00;0.07
0.00;0.13
0.00;0.06
0.00;0.09
0.00;0.00
0.00;0.10
0.00;0.05
0.00;0.00
0.00;0.00
0.00;0.09
0.00;0.05
0.00;0.05
0.00;0.12
0.00;0.07
0.00;0.10
0.00;0.08
0.00;0.11
0.00;0.03
0.00;0.13
0.00;0.06
0.00;0.05
0.00;0.08
0.00;0.05
0.00;0.12
0.00;0.03
0.00;0.09
0.00;0.00
0.00;0.01
0.22;0.00
0.00;0.01
0.00;0.00
0.00;0.12
0.00;0.02
0.00;0.00
0.00;0.09
0.00;0.00
0.00;0.00
0.00;0.09
0.00;0.00
0.00;0.03
0.00;0.08
0.00;0.00
0.00;0.01
0.00;0.15
0.00;0.00
0.00;0.00
0.00;0.00
0.00;0.00
0.00;0.05
0.00;0.08
0.00;0.01
0.00;0.03
0.00;0.00
0.00;0.00
0.00;0.07
0.00;0.06
0.00;0.03
0.00;0.04
0.00;0.02
0.00;0.03
0.00;0.10
0.14;0.00
0.00;0.00
0.06;0.00
0.00;0.11
0.00;0.08
0.00;0.00
0.00;0.11
0.00;0.00
0.00;0.06
0.00;0.01
0.00;0.07
0.00;0.00
0.00;0.00
0.00;0.09
0.00;0.02
0.00;0.10
0.02;0.00
0.00;0.00
0.00;0.02
0.00;0.05
0.00;0.00
0.00;0.00
0.00;0.00
0.00;0.12
0.00;0.07
0.00;0.07
0.00;0.03
0.00;0.05
0.00;0.04
0.00;0.06
0.00;0.07
0.00;0.00
0.00;0.07
0.00;0.03
0.00;0.05
0.96;0.00
0.00;0.03
0.00;0.04
0.00;0.00
0.00;0.09
0.00;0.00
0.00;0.06
0.00;0.04
0.00;0.06
0.00;0.00
0.00;0.00
0.00;0.04
0.00;0.05
0.00;0.00
0.00;0.02
0.00;0.00
0.00;0.00
0.00;0.06
0.67;0.00
0.00;0.02
0.00;0.00
0.00;0.00
0.00;0.12
0.00;0.00
0.00;0.10
0.00;0.03
0.00;0.06
0.00;0.00
0.00;0.00
0.00;0.00
0.00;0.06
0.00;0.00
0.00;0.10
delay,correlation
highshift: (milli*1000)-355
highr: (*1000)134
0.10;0.14
0.00;0.00
0.00;0.00
0.00;0.01
0.00;0.00
0.00;0.09
0.00;0.00
0.00;0.00
0.00;0.01
0.00;0.01
0.10;0.00
0.00;0.00
0.00;0.00
0.00;0.02
0.00;0.10
0.04;0.00
0.00;0.00
0.00;0.02
0.00;0.09
0.02;0.00
0.00;0.07
0.02;0.00
0.00;0.06
0.00;0.07
0.00;0.08
0.00;0.10
0.00;0.03
0.00;0.00
0.24;0.00
0.00;0.00
0.93;0.00
0.00;0.00
0.00;0.01
0.00;0.04
0.00;0.00
0.00;0.00
0.00;0.00
0.00;0.06
0.00;0.07
0.00;0.03
0.00;0.10
0.00;0.02
0.00;0.03
0.00;0.01
0.00;0.00
0.00;0.00
0.00;0.00
0.00;0.10
0.00;0.02
0.00;0.03
0.00;0.01
0.00;0.00
0.00;0.01
0.00;0.06
0.00;0.03
0.00;0.00
0.00;0.00
0.00;0.00
0.00;0.00
0.53;0.00
0.00;0.06
0.00;0.03
0.00;0.04
0.23;0.00
0.00;0.00
0.10;0.00
0.00;0.10
0.00;0.00
0.00;0.00
0.00;0.02
0.00;0.02
0.00;0.09
0.00;0.03
0.00;0.08
0.00;0.00
0.00;0.02
0.22;0.00
0.00;0.00
0.00;0.00
0.00;0.01
0.00;0.04
0.44;0.00
0.00;0.00
0.00;0.00
0.00;0.00
0.60;0.00
0.66;0.00
0.39;0.00
0.00;0.00
0.00;0.00
0.00;0.04
0.00;0.11
0.13;0.00
0.00;0.08
0.00;0.04
0.00;0.00
0.50;0.00
0.00;0.04
0.00;0.02
0.00;0.00
0.00;0.07
0.00;0.04
0.00;0.11
1.39;0.00
0.00;0.00
0.00;0.02
0.00;0.02
0.00;0.00
0.00;0.02
0.31;0.00
0.00;0.07
0.00;0.00
0.05;0.00
0.00;0.03
0.00;0.02
0.00;0.03
0.00;0.00
0.00;0.04
0.00;0.00
0.00;0.09
0.00;0.04
0.00;0.05
0.00;0.01
0.00;0.00
0.00;0.03
1.43;0.00
0.00;0.03
0.00;0.00
0.00;0.04
0.00;0.00
0.00;0.01
0.00;0.03
0.00;0.01
0.00;0.01
0.00;0.00
0.00;0.07
0.00;0.00
0.00;0.06
0.00;0.00
1.78;0.00
0.45;0.00
0.00;0.05
0.00;0.02
0.00;0.00
0.00;0.00
0.00;0.00
0.07;0.00
0.00;0.00
0.00;0.03
0.00;0.00
0.34;0.00
0.00;0.02
0.00;0.00
0.00;0.02
0.00;0.04
0.00;0.02
0.00;0.00
0.00;0.00
0.00;0.00
0.00;0.04
0.99;0.00
0.00;0.00
1.06;0.00
0.00;0.00
0.00;0.00
0.00;0.00
0.00;0.00
0.00;0.02
0.00;0.06
0.00;0.00
0.00;0.00
0.00;0.00
0.00;0.00
0.54;0.00
0.00;0.00
0.29;0.00
0.00;0.00
0.00;0.00
1.02;0.00
0.00;0.04
0.00;0.00
0.00;0.00
0.60;0.00
0.00;0.03
0.92;0.00
0.00;0.00
0.51;0.00
0.00;0.00
0.00;0.01
0.00;0.02
0.00;0.00
0.00;0.00
0.00;0.04
0.59;0.00
0.06;0.00
0.00;0.00
0.00;0.02
0.00;0.02
0.33;0.00
0.33;0.00
delay,correlation
highshift: (milli*1000)-424
highr: (*1000)175
0.00;0.15
0.00;0.01
0.12;0.00
2.28;0.00
0.00;0.00
0.42;0.00
0.00;0.00
0.00;0.00
0.00;0.00
0.00;0.00
0.00;0.00
0.00;0.10
0.00;0.00
0.00;0.06
0.00;0.00
0.02;0.00
0.00;0.00
0.00;0.02
0.00;0.03
0.00;0.03
0.00;0.03
0.00;0.00
0.22;0.00
1.30;0.00
0.39;0.00
0.00;0.00
0.41;0.00
0.00;0.00
0.00;0.00
0.60;0.00
0.00;0.00
0.00;0.01
0.00;0.04
0.00;0.06
0.00;0.00
0.00;0.00
0.00;0.00
0.00;0.07
0.00;0.00
0.01;0.00
0.63;0.00
0.00;0.00
0.10;0.00
0.85;0.00
0.00;0.03
0.00;0.00
0.24;0.00
0.00;0.00
0.33;0.00
0.00;0.00
0.50;0.00
0.00;0.00
0.63;0.00
0.00;0.08
1.14;0.00
0.00;0.05
0.00;0.00
0.00;0.00
1.53;0.00
0.00;0.00
0.00;0.00
0.00;0.03
0.00;0.01
0.00;0.08
0.00;0.04
0.00;0.00
0.00;0.09
0.00;0.00
0.00;0.03
0.00;0.00
0.00;0.00
0.00;0.00
0.40;0.00
0.00;0.00
0.00;0.00
0.19;0.00
1.66;0.00
0.00;0.09
0.00;0.02
0.00;0.00
0.00;0.00
0.14;0.00
0.05;0.00
0.00;0.00
1.59;0.00
0.00;0.00
0.49;0.00
0.92;0.00
0.00;0.00
0.82;0.00
0.00;0.00
0.78;0.00
1.71;0.00
1.44;0.00
0.47;0.00
0.00;0.00
0.00;0.00
0.00;0.05
0.00;0.00
0.00;0.00
0.00;0.00
0.29;0.00
1.50;0.00
0.00;0.03
0.00;0.00
0.00;0.00
1.01;0.00
0.00;0.04
0.00;0.05
0.00;0.00
0.00;0.00
1.90;0.00
0.41;0.00
0.97;0.00
0.67;0.00
0.83;0.00
0.00;0.00
0.00;0.00
0.00;0.00
0.00;0.04
0.00;0.01
0.29;0.00
1.09;0.00
0.45;0.00
1.21;0.00
0.00;0.02
2.16;0.00
0.00;0.00
1.61;0.00
0.00;0.00
0.00;0.00
0.00;0.00
0.00;0.03
0.00;0.00
0.00;0.06
0.00;0.00
0.00;0.00
1.95;0.00
0.60;0.00
0.00;0.00
0.00;0.04
1.31;0.00
0.00;0.00
0.00;0.00
0.62;0.00
0.54;0.00
1.80;0.00
0.00;0.02
0.00;0.00
0.00;0.00
0.00;0.00
0.53;0.00
0.87;0.00
1.12;0.00
0.00;0.00
0.00;0.00
0.00;0.00
1.20;0.00
0.00;0.00
0.99;0.00
0.61;0.00
0.00;0.00
1.83;0.00
0.64;0.00
1.79;0.00
0.00;0.00
0.00;0.00
0.00;0.01
0.60;0.00
0.00;0.00
0.00;0.00
0.00;0.01
0.02;0.00
0.61;0.00
0.77;0.00
1.34;0.00
0.00;0.00
0.00;0.01
0.00;0.00
0.21;0.00
0.00;0.00
0.32;0.00
0.00;0.00
1.47;0.00
0.00;0.00
0.00;0.00
0.19;0.00
0.00;0.00
0.00;0.00
0.74;0.00
1.28;0.00
0.00;0.00
1.41;0.00
0.00;0.02
0.00;0.00
0.00;0.00
0.00;0.00
0.36;0.00
0.79;0.00
0.81;0.00
delay,correlation
highshift: (milli*1000)-454
highr: (*1000)216
0.00;0.14
0.00;0.02
0.28;0.00
0.60;0.00
1.66;0.00
0.59;0.00
1.03;0.00
1.29;0.00
0.00;0.00
1.35;0.00
1.61;0.00
1.92;0.00
1.15;0.00
0.00;0.00
1.10;0.00
0.22;0.00
0.00;0.00
0.00;0.00
0.00;0.00
0.00;0.00
2.06;0.00
0.00;0.00
0.00;0.00
0.81;0.00
1.92;0.00
0.00;0.00
1.98;0.00
0.82;0.00
0.00;0.00
0.00;0.00
0.00;0.04
0.30;0.00
1.10;0.00
1.84;0.00
0.00;0.00
0.00;0.00
0.00;0.03
0.00;0.00
1.05;0.00
0.00;0.00
1.54;0.00
0.35;0.00
1.74;0.00
1.05;0.00
0.65;0.00
1.19;0.00
1.51;0.00
0.00;0.00
1.89;0.00
0.00;0.07
0.94;0.00
0.00;0.00
0.00;0.00
0.00;0.00
1.19;0.00
0.00;0.00
0.00;0.00
0.00;0.00
0.00;0.00
0.12;0.00
0.00;0.00
0.00;0.00
0.42;0.00
0.00;0.02
0.00;0.00
0.00;0.00
0.00;0.00
0.00;0.00
0.73;0.00
0.00;0.00
0.19;0.00
0.00;0.00
0.09;0.00
0.00;0.00
1.03;0.00
0.00;0.00
0.00;0.00
0.69;0.00
0.00;0.00
2.26;0.00
0.90;0.00
0.00;0.00
0.15;0.00
0.00;0.00
0.67;0.00
0.00;0.00
0.82;0.00
0.00;0.03
0.71;0.00
0.00;0.04
0.00;0.00
1.06;0.00
2.00;0.00
0.00;0.06
0.00;0.00
0.51;0.00
1.77;0.00
2.21;0.00
0.21;0.00
0.10;0.00
0.00;0.00
0.63;0.00
1.49;0.00
1.81;0.00
0.24;0.00
0.00;0.00
0.22;0.00
0.00;0.01
0.85;0.00
0.00;0.00
0.00;0.00
1.16;0.00
2.33;0.00
1.37;0.00
0.49;0.00
2.46;0.00
0.00;0.00
0.69;0.00
0.00;0.02
1.74;0.00
0.00;0.00
0.61;0.00
1.46;0.00
0.00;0.00
0.00;0.00
0.09;0.00
0.00;0.00
0.05;0.00
2.19;0.00
1.19;0.00
0.99;0.00
0.00;0.00
1.30;0.00
0.00;0.00
0.23;0.00
1.50;0.00
2.02;0.00
0.00;0.00
0.00;0.00
0.24;0.00
0.00;0.00
1.88;0.00
1.82;0.00
0.00;0.00
1.59;0.00
1.84;0.00
0.00;0.00
0.77;0.00
0.41;0.00
1.61;0.00
2.23;0.00
1.05;0.00
0.26;0.00
0.00;0.00
0.51;0.00
1.46;0.00
2.48;0.00
1.17;0.00
2.09;0.00
0.00;0.00
1.65;0.00
1.92;0.00
1.19;0.00
0.00;0.00
0.64;0.00
0.66;0.10
2.00;0.00
2.25;0.00
1.75;0.00
2.26;0.00
0.00;0.00
2.38;0.00
2.29;0.00
0.00;0.00
1.03;0.00
0.00;0.00
2.33;0.00
0.00;0.00
0.88;0.00
0.00;0.00
0.43;0.00
0.00;0.00
0.51;0.00
0.52;0.00
0.77;0.00
0.00;0.00
0.00;0.00
0.37;0.00
0.00;0.00
0.43;0.00
1.72;0.00
2.42;0.00
0.00;0.00
1.53;0.00
2.06;0.00
1.02;0.00
2.20;0.00
0.00;0.00
0.67;0.00
0.00;0.00
delay,correlation
highshift: (milli*1000)-394
highr: (*1000)209
0.00;0.15
2.20;0.00
1.60;0.00
0.00;0.00
2.18;0.00
1.19;0.00
1.02;0.00
1.55;0.00
2.33;0.00
1.54;0.00
2.43;0.00
1.49;0.00
1.88;0.00
0.78;0.00
1.32;0.00
1.28;0.00
1.68;0.00
1.50;0.00
0.09;0.00
0.61;0.00
2.25;0.00
0.46;0.00
2.14;0.00
0.50;0.00
1.30;0.00
0.00;0.00
1.17;0.00
0.00;0.00
1.23;0.00
0.00;0.00
2.47;0.00
0.27;0.00
1.18;0.00
0.45;0.00
0.43;0.00
0.78;0.00
1.78;0.00
2.06;0.00
0.00;0.00
0.96;0.00
0.91;0.00
0.47;0.00
1.71;0.00
2.46;0.00
0.75;0.00
2.19;0.00
1.71;0.00
1.63;0.00
2.50;0.00
0.06;0.00
0.73;0.00
1.38;0.00
1.81;0.00
1.76;0.00
1.82;0.00
0.00;0.00
0.84;0.00
0.61;0.00
0.00;0.00
1.24;0.00
1.44;0.00
0.68;0.00
0.81;0.00
0.74;0.00
1.84;0.00
1.28;0.00
0.84;0.00
2.12;0.00
1.52;0.00
1.70;0.00
2.48;0.00
1.41;0.00
1.36;0.00
0.00;0.00
1.44;0.00
1.65;0.00
2.43;0.00
0.46;0.00
2.46;0.00
0.50;0.00
0.71;0.00
2.17;0.00
0.00;0.00
1.30;0.00
1.39;0.00
1.03;0.00
1.89;0.00
1.44;0.00
2.49;0.00
2.26;0.00
1.82;0.00
1.95;0.00
0.92;0.00
1.78;0.00
0.88;0.00
2.12;0.00
2.50;0.00
0.22;0.00
0.10;0.00
1.86;0.00
1.40;0.00
0.72;0.00
0.87;0.07
1.58;0.00
1.37;0.00
2.36;0.00
1.96;0.00
2.33;0.00
1.94;0.00
2.31;0.00
0.52;0.00
2.30;0.00
1.05;0.00
1.93;0.00
2.45;0.00
1.43;0.00
0.84;0.00
0.00;0.04
0.60;0.00
1.52;0.00
1.76;0.00
1.94;0.00
2.44;0.00
0.43;0.00
2.46;0.00
2.34;0.00
0.51;0.00
2.31;0.00
0.28;0.00
1.71;0.00
0.32;0.00
1.22;0.00
1.95;0.00
2.36;0.00
1.02;0.00
0.00;0.00
1.41;0.00
0.63;0.00
2.51;0.00
2.03;0.00
1.98;0.00
2.02;0.00
1.61;0.00
0.36;0.00
1.07;0.00
0.00;0.00
1.68;0.00
1.71;0.00
0.44;0.00
1.42;0.00
2.46;0.00
1.77;0.00
1.29;0.00
1.05;0.00
2.06;0.00
2.12;0.00
2.08;0.00
1.94;0.00
2.13;0.00
1.58;0.00
1.58;0.00
1.05;0.00
0.74;0.00
2.18;0.00
2.52;0.00
1.96;0.00
2.55;0.00
0.51;0.00
0.69;0.00
2.40;0.00
1.84;0.00
2.01;0.00
0.71;0.00
2.41;0.00
2.12;0.00
1.79;0.00
2.04;0.00
2.42;0.00
0.00;0.00
2.43;0.00
2.49;0.00
1.99;0.00
1.73;0.00
2.09;0.00
2.50;0.00
0.00;0.00
2.34;0.00
0.66;0.00
2.57;0.00
0.00;0.13
2.11;0.00
2.39;0.00
0.15;0.00
1.26;0.00
0.51;0.00
1.46;0.00
0.56;0.00
0.55;0.00
0.72;0.00
1.55;0.00
delay,correlation
highshift: (milli*1000)-240
highr: (*1000)104
0.00;0.09
2.48;0.00
0.55;0.00
2.41;0.00
0.84;0.00
2.48;0.00
2.21;0.00
2.41;0.00
2.23;0.00
2.46;0.00
2.37;0.00
0.00;0.00
1.71;0.00
0.89;0.00
2.18;0.00
2.12;0.00
2.50;0.00
0.45;0.00
2.52;0.00
2.16;0.00
2.41;0.00
1.71;0.00
2.14;0.00
1.99;0.00
1.78;0.00
2.47;0.00
1.36;0.00
0.83;0.00
2.24;0.00
2.48;0.00
2.20;0.00
2.49;0.00
2.34;0.00
2.20;0.00
1.35;0.00
1.96;0.00
2.50;0.00
2.26;0.00
2.48;0.00
1.10;0.00
2.21;0.00
1.09;0.00
0.69;0.00
0.71;0.00
2.03;0.00
1.99;0.00
2.00;0.00
1.30;0.00
2.33;0.00
1.82;0.00
2.24;0.00
2.50;0.00
2.35;0.00
1.99;0.00
2.37;0.00
1.38;0.00
0.00;0.14
0.66;0.00
2.49;0.00
2.36;0.00
2.53;0.00
2.33;0.00
1.80;0.00
2.30;0.00
1.86;0.00
0.26;0.00
0.80;0.00
2.53;0.00
2.07;0.00
2.46;0.00
2.30;0.00
2.51;0.00
2.30;0.00
2.09;0.00
2.49;0.00
2.02;0.00
2.38;0.00
2.19;0.00
1.63;0.00
2.09;0.00
2.15;0.00
2.20;0.00
2.52;0.00
0.61;0.00
2.08;0.00
1.36;0.00
0.97;0.00
2.32;0.00
2.36;0.00
2.48;0.00
2.02;0.00
2.34;0.00
0.97;0.00
2.12;0.00
1.04;0.00
1.71;0.00
0.21;0.00
2.50;0.00
2.33;0.00
2.32;0.00
2.49;0.00
2.19;0.00
2.55;0.00
2.44;0.00
2.48;0.00
2.45;0.00
2.30;0.00
2.40;0.00
2.54;0.00
2.39;0.00
1.30;0.00
1.84;0.00
0.94;0.00
1.95;0.00
1.93;0.00
1.76;0.00
2.44;0.00
2.48;0.00
2.45;0.00
2.51;0.00
1.82;0.00
2.41;0.00
2.50;0.00
2.20;0.00
2.51;0.00
2.40;0.00
2.06;0.00
2.33;0.00
2.08;0.00
1.61;0.00
2.36;0.00
2.38;0.00
1.67;0.00
1.02;0.00
2.31;0.00
2.54;0.00
2.37;0.00
2.19;0.00
2.39;0.00
2.53;0.00
2.42;0.00
2.26;0.00
2.49;0.00
2.51;0.00
2.34;0.00
2.51;0.00
2.26;0.00
2.41;0.00
2.14;0.00
2.19;0.00
1.70;0.00
2.44;0.00
2.17;0.00
2.30;0.00
0.94;0.00
2.46;0.00
0.98;0.00
1.83;0.00
0.61;0.00
1.80;0.00
2.23;0.00
2.16;0.00
2.23;0.00
2.25;0.00
2.46;0.00
2.44;0.00
2.37;0.00
2.33;0.00
1.83;0.00
2.41;0.00
1.89;0.00
2.06;0.00
2.37;0.00
2.48;0.00
2.47;0.00
2.49;0.00
1.27;0.00
2.51;0.00
1.53;0.00
2.50;0.00
2.21;0.00
2.52;0.00
2.39;0.00
1.96;0.00
0.68;0.00
1.94;0.00
2.45;0.00
2.50;0.00
2.52;0.00
1.59;0.00
2.27;0.00
1.52;0.00
1.08;0.00
1.55;0.00
2.14;0.00
2.48;0.00
2.45;0.00
2.38;0.00
1.96;0.00
2.51;0.00
delay,correlation
highshift: (milli*1000)-89
highr: (*1000)76
0.00;0.00
1.63;0.00
1.74;0.00
0.66;0.00
2.38;0.00
2.52;0.00
1.98;0.00
1.50;0.00
2.49;0.00
2.39;0.00
0.00;0.18
2.21;0.00
1.98;0.00
2.49;0.00
1.47;0.00
1.32;0.00
2.04;0.00
2.33;0.00
2.51;0.00
2.50;0.00
2.39;0.00
1.60;0.00
2.51;0.00
2.51;0.00
2.42;0.00
2.54;0.00
2.39;0.00
2.51;0.00
2.50;0.00
1.68;0.00
2.46;0.00
2.47;0.00
2.40;0.00
2.34;0.00
2.51;0.00
2.36;0.00
2.50;0.00
2.37;0.00
2.54;0.00
2.34;0.00
2.52;0.00
2.45;0.00
2.47;0.00
1.33;0.00
2.11;0.00
1.86;0.00
2.42;0.00
2.49;0.00
2.08;0.00
1.85;0.00
1.99;0.00
2.13;0.00
1.97;0.00
2.50;0.00
2.44;0.00
2.50;0.00
2.50;0.00
2.39;0.00
2.15;0.00
2.16;0.00
1.64;0.00
2.45;0.00
2.16;0.00
2.17;0.00
2.51;0.00
1.22;0.00
2.30;0.00
2.49;0.00
2.42;0.00
1.61;0.00
1.58;0.00
1.73;0.00
2.51;0.00
2.50;0.00
2.51;0.00
2.42;0.00
1.53;0.00
2.07;0.00
1.17;0.00
2.24;0.00
2.11;0.00
2.50;0.00
2.54;0.00
2.50;0.00
2.61;0.00
2.10;0.00
2.15;0.00
2.48;0.00
2.47;0.00
2.32;0.00
2.51;0.00
2.53;0.00
2.46;0.00
2.49;0.00
2.37;0.00
2.49;0.00
2.50;0.00
2.39;0.00
1.94;0.00
2.49;0.00
2.15;0.00
2.38;0.00
2.52;0.00
1.74;0.00
1.53;0.00
2.18;0.00
2.46;0.00
2.32;0.00
2.51;0.00
1.26;0.00
1.72;0.00
2.04;0.00
2.53;0.00
1.78;0.00
2.53;0.00
2.50;0.00
2.32;0.00
2.28;0.00
2.17;0.00
2.51;0.00
2.10;0.00
1.88;0.00
2.10;0.00
1.85;0.00
1.15;0.00
2.43;0.00
2.26;0.00
2.50;0.00
1.91;0.00
1.91;0.00
2.47;0.00
2.49;0.00
2.28;0.00
2.05;0.00
2.52;0.00
2.27;0.00
1.96;0.00
1.81;0.00
2.50;0.00
1.85;0.00
2.36;0.00
2.39;0.00
1.70;0.00
1.78;0.00
2.51;0.00
2.48;0.00
2.39;0.00
2.33;0.00
2.05;0.00
2.36;0.00
2.16;0.00
2.50;0.00
2.44;0.00
2.48;0.00
2.40;0.00
2.51;0.00
2.47;0.00
2.52;0.00
2.33;0.00
1.96;0.00
2.49;0.00
1.82;0.00
2.46;0.00
2.36;0.00
1.83;0.00
1.93;0.00
2.54;0.00
2.35;0.00
2.30;0.00
2.48;0.00
2.30;0.00
1.99;0.00
2.10;0.00
2.01;0.00
2.48;0.00
1.01;0.00
2.28;0.00
2.13;0.00
2.17;0.00
2.14;0.00
1.84;0.00
2.16;0.00
2.19;0.00
2.44;0.00
2.49;0.00
2.41;0.00
1.70;0.00
2.23;0.00
2.49;0.00
1.96;0.00
2.35;0.00
2.38;0.00
2.46;0.00
2.20;0.00
2.45;0.00
2.46;0.00
1.90;0.00
1.93;0.00
2.03;0.00
2.11;0.00
delay,correlation
highshift: (milli*1000)-370
highr: (*1000)69
0.06;0.00
2.01;0.00
2.00;0.00
2.38;0.00
1.70;0.00
2.19;0.00
2.00;0.00
1.86;0.00
2.50;0.00
2.39;0.00
2.03;0.00
2.14;0.00
2.36;0.00
2.47;0.00
2.52;0.00
2.14;0.00
1.62;0.00
2.36;0.00
2.45;0.00
2.50;0.00
2.51;0.00
2.44;0.00
2.53;0.00
2.52;0.00
2.18;0.00
2.35;0.00
2.39;0.00
2.39;0.00
2.51;0.00
1.40;0.00
2.10;0.00
2.41;0.00
2.33;0.00
2.39;0.00
2.45;0.00
2.45;0.00
2.50;0.00
2.08;0.00
2.43;0.00
2.51;0.00
2.43;0.00
2.42;0.00
2.33;0.00
2.12;0.00
2.02;0.00
2.30;0.00
2.32;0.00
2.17;0.00
2.49;0.00
2.39;0.00
1.63;0.00
1.84;0.00
2.48;0.00
2.47;0.00
2.47;0.00
2.41;0.00
2.31;0.00
2.44;0.00
1.97;0.00
1.51;0.00
2.18;0.00
2.44;0.00
2.02;0.00
2.39;0.00
2.06;0.00
0.95;0.03
2.53;0.00
2.21;0.00
2.27;0.00
2.40;0.00
2.50;0.00
2.39;0.00
2.40;0.00
2.42;0.00
2.51;0.00
2.09;0.00
2.51;0.00
2.29;0.00
2.37;0.00
2.26;0.00
2.49;0.00
2.10;0.00
2.17;0.00
2.48;0.00
2.07;0.00
2.08;0.00
2.33;0.00
2.45;0.00
2.49;0.00
2.13;0.00
2.17;0.00
2.51;0.00
2.30;0.00
2.41;0.00
2.50;0.00
2.51;0.00
2.53;0.00
2.42;0.00
2.02;0.00
2.44;0.00
1.59;0.00
1.80;0.00
1.92;0.00
2.32;0.00
2.39;0.00
2.43;0.00
2.23;0.00
2.47;0.00
2.35;0.00
2.50;0.00
2.51;0.00
2.48;0.00
2.50;0.00
2.48;0.00
2.16;0.00
2.48;0.00
2.44;0.00
1.90;0.00
0.45;0.08
2.31;0.00
1.76;0.00
2.32;0.00
2.46;0.00
2.31;0.00
1.81;0.00
2.26;0.00
2.22;0.00
1.56;0.00
2.26;0.00
2.01;0.00
2.48;0.00
2.51;0.00
2.51;0.00
2.51;0.00
2.16;0.00
2.49;0.00
0.00;0.18
2.50;0.00
2.22;0.00
2.06;0.00
2.48;0.00
1.82;0.00
2.43;0.00
2.28;0.00
2.43;0.00
2.30;0.00
2.40;0.00
2.51;0.00
2.52;0.00
2.54;0.00
2.44;0.00
2.01;0.00
2.18;0.00
1.96;0.00
2.20;0.00
1.74;0.00
2.52;0.00
2.46;0.00
2.49;0.00
2.50;0.00
2.51;0.00
2.44;0.00
1.81;0.00
2.33;0.00
2.51;0.00
2.34;0.00
1.63;0.00
2.34;0.00
2.51;0.00
2.29;0.00
2.24;0.00
2.32;0.00
2.36;0.00
1.77;0.00
2.51;0.00
2.42;0.00
2.11;0.00
1.74;0.00
2.17;0.00
2.40;0.00
2.12;0.00
2.51;0.00
1.39;0.00
2.44;0.00
2.52;0.00
2.53;0.00
2.39;0.00
2.11;0.00
2.00;0.00
2.28;0.00
2.53;0.00
2.52;0.00
2.48;0.00
2.43;0.00
2.38;0.00
2.51;0.00
2.11;0.00
2.18;0.00
2.16;0.00
2.13;0.00
delay,correlation
highshift: (milli*1000)210
highr: (*1000)76
1.09;0.00
0.82;0.09
2.46;0.00
2.49;0.00
2.27;0.00
1.85;0.00
1.99;0.00
1.66;0.00
1.99;0.00
2.35;0.00
2.52;0.00
2.41;0.00
2.46;0.00
1.96;0.00
1.03;0.04
1.69;0.00
2.41;0.00
2.23;0.00
2.18;0.00
2.22;0.00
2.49;0.00
2.14;0.00
2.11;0.00
2.48;0.00
2.49;0.00
2.52;0.00
2.47;0.00
1.15;0.04
2.44;0.00
2.48;0.00
2.49;0.00
2.45;0.00
2.47;0.00
2.38;0.00
2.40;0.00
2.24;0.00
2.35;0.00
2.23;0.00
2.48;0.00
2.01;0.00
2.42;0.00
2.45;0.00
2.45;0.00
2.14;0.00
2.27;0.00
2.02;0.00
2.51;0.00
2.01;0.00
2.42;0.00
2.51;0.00
2.49;0.00
2.42;0.00
1.91;0.00
2.33;0.00
1.98;0.00
1.19;0.04
2.52;0.00
2.15;0.00
2.25;0.00
2.37;0.00
2.51;0.00
2.09;0.00
1.09;0.06
2.51;0.00
2.28;0.00
2.51;0.00
2.50;0.00
1.97;0.00
2.49;0.00
0.00;0.18
0.47;0.09
2.38;0.00
2.41;0.00
1.70;0.00
2.44;0.00
2.54;0.00
2.35;0.00
2.54;0.00
1.94;0.00
1.97;0.00
2.49;0.00
2.32;0.00
2.44;0.00
2.03;0.00
1.36;0.00
1.88;0.00
2.41;0.00
2.52;0.00
2.46;0.00
2.00;0.00
1.91;0.00
1.43;0.00
2.14;0.00
2.37;0.00
2.51;0.00
1.41;0.00
1.84;0.00
0.80;0.08
1.94;0.00
1.27;0.00
1.92;0.00
2.02;0.00
2.45;0.00
2.18;0.00
2.21;0.00
1.88;0.00
1.05;0.04
1.97;0.00
2.17;0.00
2.11;0.00
0.73;0.08
2.08;0.00
2.49;0.00
2.51;0.00
2.31;0.00
2.48;0.00
2.32;0.00
2.32;0.00
2.53;0.00
2.50;0.00
2.35;0.00
2.30;0.00
1.26;0.05
1.65;0.00
0.62;0.08
2.09;0.00
2.33;0.00
1.81;0.00
2.17;0.00
2.47;0.00
1.32;0.02
1.95;0.00
1.29;0.08
1.98;0.00
1.76;0.00
2.12;0.00
2.49;0.00
2.15;0.00
2.09;0.00
1.98;0.00
2.50;0.00
1.06;0.04
2.50;0.00
2.53;0.00
1.74;0.00
1.78;0.00
2.28;0.00
2.42;0.00
2.50;0.00
1.71;0.00
2.34;0.00
1.74;0.00
1.27;0.01
1.67;0.00
0.58;0.09
1.73;0.00
0.00;0.16
2.03;0.00
2.47;0.00
2.43;0.00
1.53;0.00
1.37;0.01
2.48;0.00
2.16;0.00
2.47;0.00
2.20;0.00
2.50;0.00
2.52;0.00
2.36;0.00
2.17;0.00
2.46;0.00
1.98;0.00
0.94;0.05
1.57;0.00
1.17;0.04
2.31;0.00
0.50;0.09
1.55;0.00
1.75;0.00
1.82;0.00
2.40;0.00
0.96;0.05
1.34;0.00
1.14;0.03
1.39;0.00
2.03;0.00
2.40;0.00
2.09;0.00
1.60;0.00
2.32;0.00
0.75;0.08
1.58;0.00
0.35;0.10
2.51;0.00
0.00;0.17
1.88;0.00
2.39;0.00
2.09;0.00
1.85;0.00
2.05;0.00
delay,correlation
highshift: (milli*1000)370
highr: (*1000)109
0.32;0.00
2.47;0.00
2.31;0.00
2.01;0.00
1.55;0.00
2.52;0.00
2.50;0.00
2.16;0.00
2.39;0.00
2.44;0.00
2.41;0.00
