0.000,0.000
0.000,0.000
0.000,0.318
0.269,0.621
0.616,0.860
0.885,0.978
1.017,1.007
1.007,0.821
0.860,0.596
0.587,0.235
0.220,0.000
0.000,0.000
0.000,0.000
0.000,0.000
0.000,0.000
0.000,0.000
0.000,0.000
0.000,0.000
0.000,0.088
0.029,0.435
0.411,0.679
0.728,0.919
0.948,0.987
1.026,0.929
0.904,0.738
0.767,0.450
0.459,0.103
0.083,0.000
0.000,0.000
0.000,0.000
0.000,0.000
0.000,0.000
0.000,0.000
0.000,0.000
0.000,0.000
0.000,0.225
0.191,0.547
0.538,0.806
0.860,0.958
0.997,0.978
1.026,0.870
0.904,0.626
0.665,0.318
0.313,0.000
0.000,0.000
0.000,0.000
0.000,0.000
0.000,0.000
0.000,0.000
0.000,0.000
0.000,0.000
0.000,0.005
0.000,0.352
0.313,0.660
0.650,0.885
0.914,0.982
1.031,0.973
0.997,0.792
0.846,0.518
0.538,0.191
0.200,0.000
0.000,0.000
0.000,0.000
0.000,0.000
0.000,0.000
0.000,0.000
0.000,0.000
0.000,0.000
0.000,0.142
0.083,0.523
0.469,0.753
0.767,0.938
0.968,0.987
1.031,0.914
1.002,0.704
0.728,0.406
0.420,0.054
0.034,0.000
0.000,0.000
0.000,0.000
0.000,0.000
0.000,0.000
0.000,0.000
0.000,0.000
0.000,0.000
0.000,0.264
0.230,0.591
0.587,0.836
0.855,0.968
1.012,0.973
1.017,0.841
0.885,0.596
0.621,0.274
0.274,0.000
0.000,0.000
0.000,0.000
0.000,0.000
0.000,0.000
0.000,0.000
0.000,0.000
0.000,0.000
0.000,0.049
0.000,0.367
0.371,0.689
0.699,0.899
0.934,0.963
1.026,0.938
0.982,0.767
0.811,0.484
0.499,0.142
0.132,0.000
0.000,0.000
0.000,0.000
0.000,0.000
0.000,0.000
0.000,0.000
0.000,0.000
0.000,0.000
0.000,0.181
0.137,0.513
0.538,0.787
0.806,0.948
0.938,0.992
1.026,0.885
0.924,0.665
0.699,0.357
0.332,0.005
0.000,0.000
0.000,0.000
0.000,0.000
0.000,0.000
0.000,0.000
0.000,0.000
0.000,0.000
0.000,0.000
0.000,0.313
0.279,0.630
0.626,0.870
0.880,0.978
1.017,0.963
1.007,0.811
0.850,0.557
0.582,0.220
0.220,0.000
0.000,0.000
0.000,0.000
0.000,0.000
0.000,0.000
0.000,0.000
0.000,0.000
0.000,0.000
0.000,0.098
0.039,0.455
0.420,0.733
0.738,0.919
0.978,0.987
1.031,0.919
0.963,0.733
0.758,0.440
0.455,0.088
0.093,0.000
0.000,0.000
0.000,0.000
0.000,0.000
0.000,0.000
0.000,0.000
0.000,0.000
0.000,0.000
0.000,0.293
0.186,0.591
0.547,0.816
0.831,0.934
0.997,0.982
1.026,0.860
0.904,0.630
0.655,0.303
0.318,0.000
0.000,0.000
0.000,0.000
0.000,0.000
0.000,0.000
0.000,0.000
0.000,0.000
0.000,0.000
0.000,0.015
0.000,0.362
0.332,0.670
0.665,0.885
0.938,0.987
1.026,0.948
1.022,0.792
0.821,0.508
0.533,0.186
0.166,0.000
0.000,0.000
0.000,0.000
0.000,0.000
0.000,0.000
0.000,0.000
0.000,0.000
0.000,0.000
0.000,0.147
0.093,0.489
0.523,0.762
0.772,0.973
0.973,0.992
1.031,0.904
0.948,0.694
0.723,0.396
0.396,0.044
0.020,0.000
0.000,0.000
0.000,0.000
0.000,0.000
0.000,0.000
0.000,0.000
0.000,0.000
0.000,0.000
0.000,0.279
0.200,0.601
0.591,0.860
0.855,0.978
1.007,0.973
1.017,0.836
0.875,0.587
0.611,0.264
0.264,0.000
0.000,0.000
0.000,0.000
0.000,0.000
0.000,0.000
0.000,0.000
0.000,0.000
0.000,0.000
0.000,0.064
0.000,0.396
0.367,0.704
0.709,0.899
0.938,0.987
1.026,0.938
0.978,0.738
0.792,0.479
0.523,0.132
0.117,0.000
0.000,0.000
0.000,0.000
0.000,0.000
0.000,0.000
0.000,0.000
0.000,0.000
0.000,0.000
0.000,0.196
0.152,0.528
0.508,0.792
0.806,0.953
0.992,0.982
1.022,0.890
0.924,0.660
0.684,0.352
0.352,0.000
0.000,0.000
0.000,0.000
0.000,0.000
0.000,0.000
0.000,0.000
0.000,0.000
0.000,0.000
0.000,0.000
0.000,0.323
0.269,0.635
0.635,0.860
0.890,0.978
1.022,0.963
1.007,0.811
0.846,0.547
0.567,0.239
0.210,0.000
0.000,0.000
0.000,0.000
0.000,0.000
0.000,0.000
0.000,0.000
0.000,0.000
0.000,0.000
0.000,0.112
0.049,0.455
0.425,0.733
0.748,0.924
0.982,0.987
1.031,0.919
0.963,0.723
0.753,0.440
0.430,0.083
0.064,0.000
0.000,0.000
0.000,0.000
0.000,0.000
0.000,0.000
0.000,0.000
0.000,0.000
0.000,0.000
0.000,0.244
0.205,0.567
0.562,0.816
0.841,0.968
1.007,0.963
1.022,0.860
0.899,0.621
0.645,0.303
0.298,0.000
0.000,0.000
0.000,0.000
0.000,0.000
0.000,0.000
0.000,0.000
0.000,0.000
0.000,0.000
0.000,0.039
0.000,0.371
0.342,0.674
0.679,0.894
0.914,0.987
1.031,0.948
0.992,0.782
0.811,0.494
0.523,0.166
0.156,0.000
0.000,0.000
0.000,0.000
0.000,0.000
0.000,0.000
0.000,0.000
0.000,0.000
0.000,0.000
0.000,0.156
0.103,0.494
0.479,0.767
0.782,0.938
0.978,0.978
1.022,0.899
0.943,0.689
0.718,0.386
0.396,0.029
0.024,0.000
0.000,0.000
0.000,0.000
0.000,0.000
0.000,0.000
0.000,0.000
0.000,0.000
0.000,0.000
0.000,0.288
0.249,0.606
0.601,0.846
0.870,0.978
1.012,0.968
1.022,0.836
0.870,0.582
0.596,0.254
0.254,0.000
0.000,0.000
0.000,0.000
0.000,0.000
0.000,0.000
0.000,0.000
0.000,0.000
0.000,0.000
0.000,0.073
0.000,0.420
0.391,0.709
0.718,0.909
0.938,1.017
1.031,0.934
0.978,0.748
0.806,0.464
0.474,0.117
0.108,0.000
0.000,0.000
0.000,0.000
0.000,0.000
0.000,0.000
0.000,0.000
0.000,0.000
0.000,0.000
0.000,0.215
0.156,0.533
0.523,0.797
0.821,0.958
0.992,0.982
1.026,0.894
0.919,0.650
0.679,0.342
0.337,0.000
0.000,0.000
0.000,0.000
0.000,0.000
0.000,0.000
0.000,0.000
0.000,0.000
0.000,0.000
0.000,0.000
0.000,0.332
0.303,0.684
0.645,0.875
0.850,0.982
1.026,0.958
1.007,0.802
0.841,0.543
0.587,0.205
0.196,0.000
0.000,0.000
0.000,0.000
0.000,0.000
0.000,0.000
0.000,0.000
0.000,0.000
0.000,0.000
0.000,0.117
0.064,0.455
0.435,0.748
0.753,0.929
0.963,0.992
1.031,0.919
0.943,0.738
0.694,0.420
0.430,0.059
0.029,0.000
0.000,0.000
0.000,0.000
0.000,0.000
0.000,0.000
0.000,0.000
0.000,0.000
0.000,0.000
0.000,0.254
0.171,0.577
0.567,0.826
0.846,0.963
1.007,0.987
1.022,0.855
0.890,0.616
0.640,0.293
0.303,0.000
0.000,0.000
0.000,0.000
0.000,0.000
0.000,0.000
0.000,0.000
0.000,0.000
0.000,0.000
0.000,0.029
0.000,0.376
0.362,0.679
0.679,0.890
0.919,0.992
1.026,0.943
1.012,0.772
0.806,0.508
0.518,0.156
0.147,0.000
0.000,0.000
0.000,0.000
0.000,0.000
0.000,0.000
0.000,0.000
0.000,0.000
0.000,0.000
0.000,0.186
0.112,0.503
0.450,0.772
0.787,0.943
0.948,0.987
1.031,0.894
0.934,0.679
0.709,0.391
0.386,0.020
0.000,0.000
0.000,0.000
0.000,0.000
0.000,0.000
0.000,0.000
0.000,0.000
0.000,0.000
0.000,0.000
0.000,0.293
0.259,0.616
0.587,0.855
0.875,0.978
1.022,0.968
1.007,0.821
0.870,0.577
0.596,0.225
0.244,0.000
0.000,0.000
0.000,0.000
0.000,0.000
0.000,0.000
0.000,0.000
0.000,0.000
0.000,0.000
0.000,0.078
0.000,0.430
0.396,0.714
0.733,0.914
0.943,0.987
1.051,0.934
0.973,0.748
0.772,0.469
0.474,0.112
0.108,0.000
0.000,0.000
0.000,0.000
0.000,0.000
0.000,0.000
0.000,0.000
0.000,0.000
0.000,0.000
0.000,0.215
0.161,0.538
0.533,0.802
0.816,0.958
0.992,0.982
1.026,0.870
0.914,0.572
0.670,0.327
0.337,0.000
0.000,0.000
0.000,0.000
0.000,0.000
0.000,0.000
0.000,0.000
0.000,0.000
0.000,0.000
0.000,0.024
0.000,0.352
0.303,0.645
0.655,0.870
0.904,0.982
1.026,0.924
1.002,0.802
0.836,0.523
0.547,0.200
0.220,0.000
0.000,0.000
0.000,0.000
0.000,0.000
0.000,0.000
0.000,0.000
0.000,0.000
0.000,0.000
0.000,0.161
0.064,0.469
0.440,0.748
0.758,0.934
0.963,0.992
1.036,0.914
0.953,0.714
0.738,0.420
0.420,0.064
0.044,0.000
0.000,0.000
0.000,0.000
0.000,0.000
0.000,0.000
0.000,0.000
0.000,0.000
0.000,0.000
0.000,0.259
0.239,0.582
0.572,0.831
0.841,0.968
1.007,0.973
1.022,0.850
0.890,0.616
0.645,0.283
0.283,0.000
0.000,0.000
0.000,0.000
0.000,0.000
0.000,0.000
0.000,0.000
0.000,0.000
0.000,0.000
0.000,0.044
0.000,0.386
0.357,0.689
0.689,0.890
0.929,0.973
1.026,0.934
0.987,0.782
0.806,0.499
0.508,0.156
0.142,0.000
0.000,0.000
0.000,0.000
0.000,0.000
0.000,0.000
0.000,0.000
0.000,0.000
0.000,0.000
0.000,0.176
0.098,0.508
0.494,0.782
0.792,0.943
0.982,0.992
1.026,0.890
0.919,0.674
0.709,0.362
0.381,0.020
0.000,0.000
0.000,0.000
0.000,0.000
0.000,0.000
0.000,0.000
0.000,0.000
0.000,0.000
0.000,0.000
0.000,0.303
0.259,0.626
0.621,0.850
0.880,0.973
1.017,0.968
1.012,0.821
0.855,0.567
0.626,0.235
0.230,0.000
0.000,0.000
0.000,0.000
0.000,0.000
0.000,0.000
0.000,0.000
0.000,0.000
0.000,0.000
0.000,0.088
0.029,0.435
0.386,0.723
0.728,0.914
0.948,0.987
1.031,0.924
0.982,0.738
0.772,0.479
0.459,0.103
0.088,0.000
0.000,0.000
0.000,0.000
0.000,0.000
0.000,0.000
0.000,0.000
0.000,0.000
0.000,0.000
0.000,0.220
0.171,0.552
0.538,0.816
0.826,0.958
0.997,0.982
1.026,0.875
0.929,0.640
0.665,0.323
0.313,0.000
0.000,0.000
0.000,0.000
0.000,0.000
0.000,0.000
0.000,0.000
0.000,0.000
0.000,0.000
0.000,0.005
0.000,0.357
0.347,0.660
0.660,0.880
0.904,0.982
1.026,0.968
0.997,0.797
0.826,0.528
0.547,0.244
0.186,0.000
0.000,0.000
0.000,0.000
0.000,0.000
0.000,0.000
0.000,0.000
0.000,0.000
0.000,0.000
0.000,0.137
0.083,0.474
0.459,0.772
0.767,0.934
0.958,0.987
1.026,0.904
0.938,0.704
0.733,0.401
0.401,0.054
0.034,0.000
0.000,0.000
0.000,0.000
0.000,0.000
0.000,0.000
0.000,0.000
0.000,0.000
0.000,0.000
0.000,0.269
0.225,0.591
0.616,0.836
0.860,0.973
1.007,0.973
1.017,0.841
0.880,0.606
0.621,0.279
0.274,0.000
0.000,0.000
0.000,0.000
0.000,0.000
0.000,0.000
0.000,0.000
0.000,0.000
0.000,0.000
0.000,0.054
0.000,0.396
0.367,0.694
0.699,0.904
0.929,0.982
1.022,0.938
0.992,0.758
0.797,0.484
0.499,0.142
0.127,0.000
0.000,0.000
0.000,0.000
0.000,0.000
0.000,0.000
0.000,0.000
0.000,0.000
0.000,0.000
0.000,0.186
0.147,0.518
0.499,0.748
0.802,0.948
0.982,0.987
1.026,0.885
0.929,0.674
0.694,0.352
0.362,0.005
0.000,0.000
0.000,0.000
0.000,0.000
0.000,0.000
0.000,0.000
0.000,0.000
0.000,0.000
0.000,0.000
0.000,0.298
0.283,0.655
0.630,0.860
0.885,0.943
1.017,0.963
1.002,0.816
0.855,0.562
0.587,0.230
0.220,0.000
0.000,0.000
0.000,0.000
0.000,0.000
0.000,0.000
0.000,0.000
0.000,0.000
0.000,0.000
0.000,0.103
0.039,0.440
0.415,0.728
0.738,0.919
0.953,1.080
1.031,0.924
0.914,0.728
0.762,0.440
0.455,0.093
0.078,0.000
0.000,0.000
0.000,0.000
0.000,0.000
0.000,0.000
0.000,0.000
0.000,0.000
0.000,0.000
0.000,0.235
0.181,0.562
0.547,0.811
0.792,0.963
1.002,0.978
1.026,0.865
0.909,0.630
0.665,0.313
0.308,0.000
0.000,0.000
0.000,0.000
0.000,0.000
0.000,0.000
0.000,0.000
0.000,0.000
0.000,0.000
0.000,0.015
0.000,0.367
0.327,0.670
0.665,0.880
0.914,0.982
1.022,0.943
1.002,0.787
0.826,0.513
0.420,0.176
0.161,0.000
0.000,0.000
0.000,0.000
0.000,0.000
0.000,0.000
0.000,0.000
0.000,0.000
0.000,0.000
0.000,0.152
0.093,0.484
0.464,0.758
0.772,0.934
0.973,0.987
1.031,0.904
0.938,0.704
0.723,0.396
0.396,0.044
0.020,0.000
0.000,0.000
0.000,0.000
0.000,0.000
0.000,0.000
0.000,0.000
0.000,0.000
0.000,0.000
0.000,0.283
0.239,0.596
0.596,0.841
0.865,0.973
1.012,0.978
1.022,0.841
0.880,0.587
0.601,0.269
0.264,0.000
0.000,0.000
0.000,0.000
0.000,0.000
0.000,0.000
0.000,0.000
0.000,0.000
0.000,0.000
0.000,0.064
0.000,0.406
0.401,0.704
0.704,0.904
0.919,0.987
1.031,0.943
0.978,0.762
0.797,0.440
0.494,0.132
0.117,0.000
0.000,0.000
0.000,0.000
0.000,0.000
0.000,0.000
0.000,0.000
0.000,0.000
0.000,0.000
0.000,0.186
0.142,0.513
0.518,0.792
0.811,0.953
0.987,0.982
1.026,0.934
0.919,0.665
0.684,0.347
0.357,0.000
0.000,0.000
0.000,0.000
0.000,0.000
0.000,0.000
0.000,0.000
0.000,0.000
0.000,0.000
0.000,0.000
0.000,0.323
0.288,0.645
0.635,0.865
0.909,0.978
1.017,0.958
1.012,0.811
0.846,0.552
0.572,0.215
0.210,0.000
0.000,0.000
0.000,0.000
0.000,0.000
0.000,0.000
0.000,0.000
0.000,0.000
0.000,0.000
0.000,0.112
0.049,0.445
0.425,0.738
0.753,0.929
0.958,0.992
1.031,0.968
0.963,0.723
0.753,0.435
0.440,0.083
0.064,0.000
0.000,0.000
0.000,0.000
0.000,0.000
0.000,0.000
0.000,0.000
0.000,0.000
0.000,0.000
0.000,0.239
0.196,0.572
0.557,0.826
0.865,0.963
1.002,0.997
1.026,0.860
0.899,0.640
0.650,0.303
0.303,0.000
0.000,0.000
0.000,0.000
0.000,0.000
0.000,0.000
0.000,0.000
0.000,0.000
0.000,0.000
0.000,0.015
0.000,0.367
0.337,0.679
0.674,0.890
0.919,0.982
1.031,0.948
0.997,0.782
0.816,0.508
0.547,0.171
0.161,0.000
0.000,0.000
0.000,0.000
0.000,0.000
0.000,0.000
0.000,0.000
0.000,0.000
0.000,0.000
0.000,0.156
0.103,0.494
0.474,0.767
0.777,0.934
0.973,0.987
1.031,0.899
0.982,0.689
0.718,0.391
0.396,0.034
0.005,0.000
0.000,0.000
0.000,0.000
0.000,0.000
0.000,0.000
0.000,0.000
0.000,0.000
0.000,0.000
0.000,0.283
0.200,0.606
0.596,0.846
0.875,0.973
1.017,0.963
1.012,0.836
0.870,0.572
0.606,0.259
0.259,0.000
0.000,0.000
0.000,0.000
0.000,0.000
0.000,0.000
0.000,0.000
0.000,0.000
0.000,0.000
0.000,0.064
0.005,0.415
0.386,0.714
0.723,0.904
0.938,1.017
1.031,0.934
0.978,0.758
0.782,0.469
0.484,0.122
0.108,0.000
0.000,0.000
0.000,0.000
0.000,0.000
0.000,0.000
0.000,0.000
0.000,0.000
0.000,0.000
0.000,0.200
0.176,0.533
0.518,0.792
0.811,0.953
0.987,0.978
1.026,0.880
0.919,0.660
0.728,0.342
0.347,0.000
0.000,0.000
0.000,0.000
0.000,0.000
0.000,0.000
0.000,0.000
0.000,0.000
0.000,0.000
0.000,0.000
0.000,0.332
0.298,0.645
0.640,0.865
0.899,0.982
1.022,0.953
0.997,0.806
0.841,0.543
0.572,0.210
0.205,0.000
0.000,0.000
0.000,0.000
0.000,0.000
0.000,0.000
0.000,0.000
0.000,0.000
0.000,0.000
0.000,0.083
0.064,0.455
0.440,0.738
0.753,0.924
0.958,0.987
1.031,0.914
0.948,0.718
0.748,0.425
0.430,0.108
0.054,0.000
0.000,0.000
0.000,0.000
0.000,0.000
0.000,0.000
0.000,0.000
0.000,0.000
0.000,0.000
0.000,0.249
0.215,0.562
0.567,0.821
0.850,0.968
0.997,0.978
1.046,0.855
0.894,0.606
0.640,0.293
0.293,0.000
0.000,0.000
0.000,0.000
0.000,0.000
0.000,0.000
0.000,0.000
0.000,0.000
0.000,0.000
0.000,0.029
0.000,0.376
0.347,0.679
0.684,0.890
0.929,0.987
1.026,0.943
0.987,0.777
0.816,0.499
0.518,0.161
0.152,0.000
0.000,0.000
0.000,0.000
0.000,0.000
0.000,0.000
0.000,0.000
0.000,0.000
0.000,0.000
0.000,0.137
0.112,0.503
0.484,0.772
0.787,0.943
1.002,0.982
1.031,0.894
0.938,0.684
0.718,0.381
0.376,0.024
0.010,0.000
0.000,0.000
0.000,0.000
0.000,0.000
0.000,0.000
0.000,0.000
0.000,0.000
0.000,0.000
0.000,0.298
0.254,0.611
0.616,0.850
0.870,1.026
1.017,0.968
1.012,0.841
0.865,0.582
0.601,0.249
0.249,0.000
0.000,0.000
0.000,0.000
0.000,0.000
0.000,0.000
0.000,0.000
0.000,0.000
0.000,0.000
0.000,0.078
0.015,0.425
0.347,0.714
0.728,0.909
0.938,0.987
1.031,0.938
0.973,0.743
0.777,0.459
0.474,0.117
0.098,0.000
0.000,0.000
0.000,0.000
0.000,0.000
0.000,0.000
0.000,0.000
0.000,0.000
0.000,0.000
0.000,0.210
0.156,0.543
0.518,0.806
0.816,0.958
0.992,0.982
1.026,0.875
0.914,0.650
0.674,0.347
0.332,0.000
0.000,0.000
0.000,0.000
delay,correlation
highshift: -0.0050
highr: 0.9981
1.002,0.777
0.826,0.528
0.572,0.186
0.181,0.000
0.000,0.000
0.000,0.000
0.000,0.000
0.000,0.000
0.000,0.000
0.000,0.000
0.000,0.000
0.000,0.142
0.088,0.474
0.455,0.758
0.772,0.924
0.968,0.987
1.031,0.909
0.953,0.704
0.733,0.401
0.411,0.049
0.000,0.000
0.000,0.000
0.000,0.000
0.000,0.000
0.000,0.000
0.000,0.000
0.000,0.000
0.000,0.000
0.000,0.274
0.230,0.591
0.587,0.836
0.860,0.973
1.012,0.968
1.017,0.836
0.885,0.596
0.621,0.269
0.269,0.000
0.000,0.000
0.000,0.000
0.000,0.000
0.000,0.000
0.000,0.000
0.000,0.000
0.000,0.000
0.000,0.054
0.000,0.401
0.367,0.699
0.704,0.904
0.899,0.987
1.031,0.938
0.982,0.762
0.797,0.484
0.494,0.137
0.127,0.000
0.000,0.000
0.000,0.000
0.000,0.000
0.000,0.000
0.000,0.000
0.000,0.000
0.000,0.000
0.000,0.191
0.098,0.523
0.513,0.802
0.802,0.948
0.987,0.953
1.026,0.890
0.929,0.665
0.694,0.352
0.347,0.000
0.000,0.000
0.000,0.000
0.000,0.000
0.000,0.000
0.000,0.000
0.000,0.000
0.000,0.000
0.000,0.000
0.000,0.318
0.279,0.630
0.630,0.860
0.890,0.978
1.036,0.963
1.007,0.811
0.846,0.557
0.577,0.225
0.235,0.000
0.000,0.000
0.000,0.000
0.000,0.000
0.000,0.000
0.000,0.000
0.000,0.000
0.000,0.000
0.000,0.108
0.049,0.445
0.425,0.738
0.738,0.919
0.934,0.987
1.031,0.929
0.968,0.728
0.758,0.445
0.450,0.088
0.078,0.000
0.000,0.000
0.000,0.000
0.000,0.000
0.000,0.000
0.000,0.000
0.000,0.000
0.000,0.000
0.000,0.239
0.191,0.562
0.572,0.816
0.831,0.958
0.997,0.982
1.026,0.855
0.899,0.626
0.679,0.313
0.313,0.000
0.000,0.000
0.000,0.000
0.000,0.000
0.000,0.000
0.000,0.000
0.000,0.000
0.000,0.000
0.000,0.000
0.000,0.362
0.337,0.670
0.670,0.885
0.914,0.978
1.026,0.948
0.987,0.782
0.821,0.518
0.528,0.176
0.166,0.000
0.000,0.000
0.000,0.000
0.000,0.000
0.000,0.000
0.000,0.000
0.000,0.000
0.000,0.000
0.000,0.156
0.088,0.489
0.459,0.767
0.767,0.938
0.978,0.987
1.031,0.904
0.943,0.694
0.723,0.391
0.396,0.039
0.020,0.000
0.000,0.000
0.000,0.000
0.000,0.000
0.000,0.000
0.000,0.000
0.000,0.000
0.000,0.000
0.000,0.283
0.239,0.630
0.596,0.846
0.880,0.973
1.012,0.968
1.017,0.836
0.875,0.591
0.640,0.259
0.254,0.000
0.000,0.000
0.000,0.000
0.000,0.000
0.000,0.000
0.000,0.000
0.000,0.000
0.000,0.000
0.000,0.068
0.000,0.411
0.420,0.704
0.709,0.914
0.909,0.987
1.031,0.938
0.982,0.753
0.792,0.474
0.489,0.122
0.112,0.000
0.000,0.000
0.000,0.000
0.000,0.000
0.000,0.000
0.000,0.000
0.000,0.000
0.000,0.000
0.000,0.200
0.152,0.528
0.508,0.797
0.811,0.953
0.987,0.987
1.026,0.880
0.919,0.655
0.684,0.342
0.352,0.000
0.000,0.000
0.000,0.000
0.000,0.000
0.000,0.000
0.000,0.000
0.000,0.000
0.000,0.000
0.000,0.000
0.000,0.332
0.293,0.640
0.640,0.870
0.894,0.982
1.022,0.963
1.007,0.806
0.850,0.601
0.547,0.215
0.205,0.000
0.000,0.000
0.000,0.000
0.000,0.000
0.000,0.000
0.000,0.000
0.000,0.000
0.000,0.000
0.000,0.112
0.000,0.455
0.430,0.733
0.762,0.929
0.958,0.987
1.022,0.909
0.958,0.728
0.758,0.425
0.440,0.078
0.068,0.000
0.000,0.000
0.000,0.000
0.000,0.000
0.000,0.000
0.000,0.000
0.000,0.000
0.000,0.000
0.000,0.244
0.205,0.567
0.562,0.826
0.846,0.963
1.007,0.978
1.056,0.855
0.899,0.626
0.630,0.303
0.298,0.000
0.000,0.000
0.000,0.000
0.000,0.000
0.000,0.000
0.000,0.000
0.000,0.000
0.000,0.000
0.000,0.044
0.000,0.371
0.342,0.674
0.660,0.885
0.919,0.978
1.036,0.943
0.992,0.777
0.821,0.508
0.523,0.166
0.152,0.000
0.000,0.000
0.000,0.000
0.000,0.000
0.000,0.000
0.000,0.000
0.000,0.000
0.000,0.000
0.000,0.161
0.103,0.494
0.464,0.772
0.782,0.943
0.978,0.987
1.031,0.899
0.973,0.684
0.709,0.376
0.391,0.029
0.010,0.000
0.000,0.000
0.000,0.000
0.000,0.000
0.000,0.000
0.000,0.000
0.000,0.000
0.000,0.000
0.000,0.274
0.254,0.591
0.601,0.846
0.865,1.002
1.012,0.982
1.017,0.831
0.870,0.596
0.601,0.249
0.249,0.000
0.000,0.000
0.000,0.000
0.000,0.000
0.000,0.000
0.000,0.000
0.000,0.000
0.000,0.000
0.000,0.078
0.015,0.401
0.391,0.714
0.714,0.904
0.938,0.987
1.031,0.934
0.982,0.748
0.782,0.459
0.484,0.117
0.103,0.000
0.000,0.000
0.000,0.000
0.000,0.000
0.000,0.000
0.000,0.000
0.000,0.000
0.000,0.000
0.000,0.205
0.156,0.543
0.523,0.802
0.816,0.943
0.992,0.982
1.026,0.875
0.899,0.655
0.674,0.337
0.352,0.000
0.000,0.000
0.000,0.000
0.000,0.000
0.000,0.000
0.000,0.000
0.000,0.000
0.000,0.000
0.000,0.000
0.000,0.337
0.313,0.650
0.645,0.875
0.894,0.973
1.017,0.958
1.002,0.802
0.841,0.543
0.562,0.205
0.200,0.000
0.000,0.000
0.000,0.000
0.000,0.000
0.000,0.000
0.000,0.000
0.000,0.000
0.000,0.000
0.000,0.117
0.064,0.464
0.357,0.743
0.753,0.924
0.963,0.992
1.031,0.924
0.958,0.714
0.743,0.430
0.430,0.073
0.059,0.000
0.000,0.000
0.000,0.000
0.000,0.000
0.000,0.000
0.000,0.000
0.000,0.000
0.000,0.000
0.000,0.249
0.205,0.572
0.591,0.826
0.841,0.987
1.002,0.978
1.017,0.865
0.890,0.616
0.640,0.298
0.293,0.000
0.000,0.000
0.000,0.000
0.000,0.000
0.000,0.000
0.000,0.000
0.000,0.000
0.000,0.000
0.000,0.034
0.000,0.381
0.371,0.679
0.684,0.890
0.924,0.987
1.026,0.943
0.987,0.777
0.811,0.499
0.513,0.156
0.147,0.000
0.000,0.000
0.000,0.000
0.000,0.000
0.000,0.000
0.000,0.000
0.000,0.000
0.000,0.000
0.000,0.171
0.117,0.499
0.489,0.777
0.782,0.943
0.978,0.982
1.031,0.899
0.938,0.679
0.714,0.420
0.381,0.024
0.000,0.000
0.000,0.000
0.000,0.000
0.000,0.000
0.000,0.000
0.000,0.000
0.000,0.000
0.000,0.000
0.000,0.298
0.244,0.611
0.611,0.855
0.875,0.973
1.017,0.968
1.017,0.831
0.865,0.557
0.596,0.239
0.249,0.000
0.000,0.000
0.000,0.000
0.000,0.000
0.000,0.000
0.000,0.000
0.000,0.000
0.000,0.000
0.000,0.083
0.024,0.425
0.401,0.709
0.723,0.909
0.958,0.987
1.036,0.929
0.978,0.743
0.777,0.455
0.464,0.108
0.093,0.000
0.000,0.000
0.000,0.000
0.000,0.000
0.000,0.000
0.000,0.000
0.000,0.000
0.000,0.000
0.000,0.210
0.166,0.543
0.533,0.802
0.821,0.953
0.997,0.978
1.026,0.899
0.914,0.645
0.689,0.332
0.332,0.000
0.000,0.000
0.000,0.000
0.000,0.000
0.000,0.000
0.000,0.000
0.000,0.000
0.000,0.000
0.000,0.000
0.000,0.347
0.313,0.645
0.679,0.870
0.909,0.982
1.026,0.953
0.987,0.797
0.836,0.528
0.543,0.196
0.186,0.000
0.000,0.000
0.000,0.000
0.000,0.000
0.000,0.000
0.000,0.000
0.000,0.000
0.000,0.000
0.000,0.112
0.073,0.469
0.440,0.748
0.762,0.934
0.968,0.987
1.031,0.899
0.953,0.709
0.738,0.450
0.420,0.064
0.039,0.000
0.000,0.000
0.000,0.000
0.000,0.000
0.000,0.000
0.000,0.000
0.000,0.000
0.000,0.000
0.000,0.264
0.220,0.582
0.572,0.831
0.850,0.973
1.012,0.973
1.017,0.841
0.880,0.606
0.630,0.279
0.313,0.000
0.000,0.000
0.000,0.000
0.000,0.000
0.000,0.000
0.000,0.000
0.000,0.000
0.000,0.000
0.000,0.044
0.000,0.362
0.362,0.689
0.689,0.894
0.929,0.997
1.026,0.943
0.982,0.767
0.797,0.513
0.508,0.147
0.137,0.000
0.000,0.000
0.000,0.000
0.000,0.000
0.000,0.000
0.000,0.000
0.000,0.000
0.000,0.000
0.000,0.166
0.132,0.518
0.499,0.777
0.797,0.943
0.978,0.982
1.026,0.870
0.934,0.670
0.694,0.381
0.376,0.010
0.020,0.000
0.000,0.000
0.000,0.000
0.000,0.000
0.000,0.000
0.000,0.000
0.000,0.000
0.000,0.000
0.000,0.308
0.269,0.621
0.621,0.855
0.885,0.938
1.017,0.963
1.017,0.826
0.855,0.567
0.601,0.235
0.225,0.000
0.000,0.000
0.000,0.000
0.000,0.000
0.000,0.000
0.000,0.000
0.000,0.000
0.000,0.000
0.000,0.093
0.034,0.435
0.411,0.704
0.733,0.914
0.948,0.987
1.031,0.924
0.968,0.733
0.767,0.450
0.459,0.098
0.083,0.000
0.000,0.000
0.000,0.000
0.000,0.000
0.000,0.000
0.000,0.000
0.000,0.000
0.000,0.000
0.000,0.230
0.156,0.552
0.538,0.816
0.816,0.963
0.997,1.017
1.026,0.870
0.914,0.635
0.660,0.323
0.318,0.000
0.000,0.000
0.000,0.000
0.000,0.000
0.000,0.000
0.000,0.000
0.000,0.000
0.000,0.000
0.000,0.010
0.000,0.362
0.323,0.670
0.665,0.890
0.909,0.973
1.031,0.953
0.987,0.797
0.831,0.523
0.523,0.186
0.176,0.000
0.000,0.000
0.000,0.000
0.000,0.000
0.000,0.000
0.000,0.000
0.000,0.000
0.000,0.000
0.000,0.137
0.078,0.479
0.459,0.758
0.767,0.914
0.968,0.992
1.041,0.914
0.953,0.704
0.738,0.401
0.411,0.059
0.020,0.000
0.000,0.000
0.000,0.000
0.000,0.000
0.000,0.000
0.000,0.000
0.000,0.000
0.000,0.000
0.000,0.274
0.230,0.591
0.591,0.831
0.860,0.973
0.987,0.973
1.017,0.846
0.875,0.596
0.616,0.244
0.269,0.000
0.000,0.000
0.000,0.000
0.000,0.000
0.000,0.000
0.000,0.000
0.000,0.000
0.000,0.000
0.000,0.054
0.000,0.406
0.376,0.699
0.704,0.904
0.934,0.953
1.026,0.938
0.978,0.758
0.787,0.479
0.508,0.137
0.132,0.000
0.000,0.000
0.000,0.000
0.000,0.000
0.000,0.000
0.000,0.000
0.000,0.000
0.000,0.000
0.000,0.181
0.137,0.523
0.538,0.792
0.806,0.948
0.987,0.987
1.026,0.880
0.924,0.670
0.689,0.347
0.362,0.005
0.000,0.000
0.000,0.000
0.000,0.000
0.000,0.000
0.000,0.000
0.000,0.000
0.000,0.000
0.000,0.000
0.000,0.352
0.283,0.635
0.596,0.865
0.885,0.978
1.070,0.963
1.007,0.802
0.850,0.552
0.572,0.230
0.235,0.000
0.000,0.000
0.000,0.000
0.000,0.000
0.000,0.000
0.000,0.000
0.000,0.000
0.000,0.000
0.000,0.108
0.044,0.455
0.420,0.733
0.738,0.914
0.953,0.992
1.031,0.948
0.963,0.733
0.743,0.435
0.450,0.088
0.068,0.000
0.000,0.000
0.000,0.000
0.000,0.000
0.000,0.000
0.000,0.000
0.000,0.000
0.000,0.000
0.000,0.225
0.191,0.562
0.557,0.816
0.836,1.002
0.997,0.978
1.026,0.860
0.899,0.626
0.655,0.313
0.308,0.000
0.000,0.000
0.000,0.000
0.000,0.000
0.000,0.000
0.000,0.000
0.000,0.000
0.000,0.000
0.000,0.029
0.000,0.371
0.332,0.670
0.674,0.885
0.914,0.973
1.026,0.943
0.992,0.782
0.816,0.513
0.533,0.215
0.171,0.000
0.000,0.000
0.000,0.000
0.000,0.000
0.000,0.000
0.000,0.000
0.000,0.000
0.000,0.000
0.000,0.147
0.098,0.494
0.469,0.762
0.767,0.938
0.973,0.987
1.041,0.904
0.943,0.694
0.723,0.391
0.396,0.044
0.020,0.000
0.000,0.000
0.000,0.000
0.000,0.000
0.000,0.000
0.000,0.000
0.000,0.000
0.000,0.000
0.000,0.288
0.244,0.601
0.591,0.846
0.875,0.973
1.012,0.968
1.026,0.841
0.875,0.587
0.606,0.332
0.254,0.000
0.000,0.000
0.000,0.000
0.000,0.000
0.000,0.000
0.000,0.000
0.000,0.000
0.000,0.000
0.000,0.068
0.015,0.406
0.381,0.733
0.709,0.909
0.938,0.973
1.026,0.938
0.982,0.806
0.787,0.474
0.484,0.127
0.112,0.000
0.000,0.000
0.000,0.000
0.000,0.000
0.000,0.000
0.000,0.000
0.000,0.000
0.000,0.000
0.000,0.200
0.132,0.528
0.508,0.797
0.811,0.953
0.987,0.992
1.026,0.890
0.924,0.655
0.714,0.347
0.352,0.000
0.000,0.000
0.000,0.000
0.000,0.000
0.000,0.000
0.000,0.000
0.000,0.000
0.000,0.000
0.000,0.000
0.000,0.327
0.293,0.640
0.635,0.870
0.894,0.982
1.022,0.958
1.007,0.811
0.846,0.538
0.562,0.215
0.244,0.000
0.000,0.000
0.000,0.000
0.000,0.000
0.000,0.000
0.000,0.000
0.000,0.000
0.000,0.000
0.000,0.083
0.054,0.450
0.425,0.738
0.748,0.929
0.958,0.987
1.022,0.919
0.958,0.718
0.748,0.425
0.440,0.078
0.064,0.000
0.000,0.000
0.000,0.000
0.000,0.000
0.000,0.000
0.000,0.000
0.000,0.000
0.000,0.000
0.000,0.244
0.200,0.577
0.567,0.826
0.846,0.973
1.002,0.978
1.017,0.855
0.894,0.655
0.640,0.298
0.288,0.000
0.000,0.000
0.000,0.000
0.000,0.000
0.000,0.000
0.000,0.000
0.000,0.000
0.000,0.000
0.000,0.029
0.000,0.376
0.347,0.655
0.679,0.885
0.904,0.982
1.026,0.953
1.017,0.777
0.811,0.508
0.523,0.171
0.152,0.000
0.000,0.000
0.000,0.000
0.000,0.000
0.000,0.000
0.000,0.000
0.000,0.000
0.000,0.000
0.000,0.161
0.112,0.499
0.479,0.762
0.782,0.938
0.978,0.973
1.031,0.894
0.948,0.684
0.714,0.376
0.386,0.024
0.005,0.000
0.000,0.000
0.000,0.000
0.000,0.000
0.000,0.000
0.000,0.000
0.000,0.000
0.000,0.000
0.000,0.293
0.254,0.611
0.606,0.885
0.870,0.978
1.026,0.958
1.017,0.806
0.870,0.582
0.601,0.225
0.249,0.000
0.000,0.000
0.000,0.000
0.000,0.000
0.000,0.000
0.000,0.000
0.000,0.000
0.000,0.000
0.000,0.073
0.049,0.420
0.391,0.714
0.718,0.909
0.943,0.992
1.031,0.934
0.958,0.753
0.777,0.464
0.474,0.112
0.098,0.000
0.000,0.000
0.000,0.000
0.000,0.000
0.000,0.000
0.000,0.000
0.000,0.000
0.000,0.000
0.000,0.210
0.166,0.543
0.528,0.797
0.816,0.958
0.992,0.982
1.026,0.875
0.914,0.650
0.674,0.337
0.337,0.000
0.000,0.000
0.000,0.000
0.000,0.000
0.000,0.000
0.000,0.000
0.000,0.000
0.000,0.000
0.000,0.000
0.000,0.342
0.313,0.650
0.640,0.875
0.904,0.982
1.022,0.953
1.007,0.787
0.841,0.538
0.552,0.200
0.191,0.000
0.000,0.000
0.000,0.000
0.000,0.000
0.000,0.000
0.000,0.000
0.000,0.000
0.000,0.000
0.000,0.127
0.064,0.464
0.503,0.748
0.758,0.924
0.963,0.992
1.036,0.875
0.953,0.709
0.753,0.415
0.425,0.054
0.054,0.000
0.000,0.000
0.000,0.000
0.000,0.000
0.000,0.000
0.000,0.000
0.000,0.000
0.000,0.000
0.000,0.254
0.215,0.582
0.601,0.826
0.850,0.968
1.007,0.978
1.017,0.855
0.890,0.611
0.630,0.264
0.288,0.000
0.000,0.000
0.000,0.000
0.000,0.000
0.000,0.000
0.000,0.000
0.000,0.000
0.000,0.000
0.000,0.039
0.000,0.386
0.357,0.689
0.689,0.880
0.924,0.987
1.031,0.953
0.982,0.772
0.816,0.494
0.508,0.152
0.127,0.000
0.000,0.000
0.000,0.000
0.000,0.000
0.000,0.000
0.000,0.000
0.000,0.000
0.000,0.000
0.000,0.181
0.122,0.508
0.489,0.792
0.797,0.948
0.982,0.987
1.026,0.890
0.982,0.679
0.704,0.371
0.381,0.015
0.000,0.000
0.000,0.000
0.000,0.000
0.000,0.000
0.000,0.000
0.000,0.000
0.000,0.000
0.000,0.000
0.000,0.279
0.264,0.626
0.611,0.855
0.885,0.978
1.105,0.958
1.017,0.890
0.860,0.572
0.606,0.274
0.225,0.000
0.000,0.000
0.000,0.000
0.000,0.000
0.000,0.000
0.000,0.000
0.000,0.000
0.000,0.000
0.000,0.083
0.029,0.430
0.425,0.723
0.728,0.914
0.982,0.987
1.031,0.914
0.968,0.738
0.772,0.450
0.464,0.103
0.088,0.000
0.000,0.000
0.000,0.000
0.000,0.000
0.000,0.000
0.000,0.000
0.000,0.000
0.000,0.000
0.000,0.220
0.176,0.601
0.538,0.806
0.821,0.934
0.997,0.982
1.026,0.870
0.909,0.640
0.670,0.332
0.327,0.000
0.000,0.000
0.000,0.000
0.000,0.000
0.000,0.000
0.000,0.000
0.000,0.000
0.000,0.000
0.000,0.005
0.000,0.352
0.327,0.660
0.660,0.880
0.904,0.978
1.022,0.953
1.002,0.797
0.831,0.528
0.547,0.176
0.181,0.000
0.000,0.000
0.000,0.000
0.000,0.000
0.000,0.000
0.000,0.000
0.000,0.000
0.000,0.000
0.000,0.132
0.078,0.474
0.450,0.753
0.767,0.934
0.948,0.987
1.031,0.914
0.953,0.718
0.728,0.411
0.415,0.000
0.029,0.000
0.000,0.000
0.000,0.000
0.000,0.000
0.000,0.000
0.000,0.000
0.000,0.000
0.000,0.000
0.000,0.259
0.225,0.587
0.587,0.836
0.860,0.968
1.007,0.973
1.017,0.846
0.885,0.601
0.621,0.279
0.274,0.000
0.000,0.000
0.000,0.000
0.000,0.000
0.000,0.000
0.000,0.000
0.000,0.000
0.000,0.000
0.000,0.054
0.005,0.401
0.367,0.689
0.694,0.904
0.929,0.987
1.031,0.934
0.982,0.767
0.802,0.484
0.499,0.152
0.132,0.000
0.000,0.000
0.000,0.000
0.000,0.000
0.000,0.000
0.000,0.000
0.000,0.000
0.000,0.000
0.000,0.186
0.103,0.518
0.499,0.787
0.806,0.948
0.982,0.987
1.031,0.890
0.914,0.679
0.699,0.362
0.371,0.000
0.000,0.000
0.000,0.000
0.000,0.000
0.000,0.000
0.000,0.000
0.000,0.000
0.000,0.000
0.000,0.000
0.000,0.318
0.269,0.630
0.626,0.855
0.846,0.978
1.017,0.963
1.012,0.821
0.855,0.567
0.582,0.225
0.225,0.000
0.000,0.000
0.000,0.000
0.000,0.000
0.000,0.000
0.000,0.000
0.000,0.000
0.000,0.000
0.000,0.098
0.034,0.440
0.415,0.728
0.733,0.919
0.953,0.987
1.031,0.924
0.968,0.728
0.767,0.445
0.455,0.147
0.078,0.000
0.000,0.000
0.000,0.000
0.000,0.000
0.000,0.000
0.000,0.000
0.000,0.000
0.000,0.000
0.000,0.230
0.181,0.547
0.547,0.811
0.797,0.958
0.997,0.982
1.022,0.865
0.914,0.630
0.665,0.318
0.293,0.000
0.000,0.000
0.000,0.000
0.000,0.000
0.000,0.000
0.000,0.000
0.000,0.000
0.000,0.000
0.000,0.005
0.000,0.357
0.337,0.665
0.665,0.890
0.943,0.982
1.031,0.953
0.997,0.792
0.826,0.518
0.533,0.220
0.171,0.000
0.000,0.000
0.000,0.000
0.000,0.000
0.000,0.000
0.000,0.000
0.000,0.000
0.000,0.000
0.000,0.147
0.098,0.508
0.464,0.767
0.758,0.938
0.973,0.992
1.031,0.899
0.943,0.694
0.718,0.401
0.401,0.044
0.020,0.000
0.000,0.000
0.000,0.000
0.000,0.000
0.000,0.000
0.000,0.000
0.000,0.000
0.000,0.000
0.000,0.274
0.235,0.601
0.591,0.841
0.860,0.968
1.017,0.968
1.017,0.841
0.875,0.591
0.611,0.274
0.323,0.000
0.000,0.000
0.000,0.000
0.000,0.000
0.000,0.000
0.000,0.000
0.000,0.000
0.000,0.000
0.000,0.059
0.000,0.406
0.425,0.704
0.709,0.904
0.938,0.987
1.031,0.938
0.978,0.748
0.821,0.474
0.489,0.122
0.078,0.000
0.000,0.000
0.000,0.000
0.000,0.000
0.000,0.000
0.000,0.000
0.000,0.000
0.000,0.000
0.000,0.191
0.142,0.523
0.513,0.782
0.806,0.953
0.987,0.982
1.026,0.885
0.904,0.660
0.689,0.347
0.357,0.000
0.000,0.000
0.000,0.000
0.000,0.000
0.000,0.000
0.000,0.000
0.000,0.000
0.000,0.000
0.000,0.000
0.000,0.303
0.288,0.684
0.635,0.865
0.855,0.978
1.017,0.963
1.007,0.811
0.846,0.552
0.572,0.220
0.205,0.000
0.000,0.000
0.000,0.000
0.000,0.000
0.000,0.000
0.000,0.000
0.000,0.000
0.000,0.000
0.000,0.108
0.029,0.450
0.425,0.738
0.748,0.924
0.958,0.987
1.017,0.919
0.963,0.728
0.748,0.430
0.435,0.083
0.117,0.000
0.000,0.000
0.000,0.000
0.000,0.000
0.000,0.000
0.000,0.000
0.000,0.000
0.000,0.000
0.000,0.239
0.196,0.572
0.557,0.821
0.792,0.963
1.002,0.973
1.022,0.860
0.899,0.611
0.650,0.298
0.293,0.000
0.000,0.000
0.000,0.000
0.000,0.000
0.000,0.000
0.000,0.000
0.000,0.000
0.000,0.000
0.000,0.029
0.000,0.371
0.337,0.679
0.679,0.890
0.909,0.982
1.026,0.953
0.992,0.782
0.816,0.508
0.523,0.166
0.161,0.000
0.000,0.000
0.000,0.000
0.000,0.000
0.000,0.000
0.000,0.000
0.000,0.000
0.000,0.000
0.000,0.156
0.103,0.494
0.474,0.767
0.782,0.943
0.978,1.065
1.031,0.899
0.924,0.689
0.718,0.386
0.396,0.029
0.015,0.000
0.000,0.000
0.000,0.000
0.000,0.000
0.000,0.000
0.000,0.000
0.000,0.000
0.000,0.000
0.000,0.288
0.249,0.606
0.596,0.846
0.870,0.968
1.012,0.973
1.012,0.826
0.875,0.587
0.606,0.254
0.249,0.000
0.000,0.000
0.000,0.000
0.000,0.000
0.000,0.000
0.000,0.000
0.000,0.000
0.000,0.000
0.000,0.073
0.000,0.420
0.391,0.714
0.748,0.914
0.948,0.987
1.031,0.934
0.978,0.748
0.802,0.469
0.479,0.122
0.083,0.000
0.000,0.000
0.000,0.000
0.000,0.000
0.000,0.000
0.000,0.000
0.000,0.000
0.000,0.000
0.000,0.210
0.098,0.533
0.523,0.821
0.816,0.948
0.987,1.012
1.026,0.880
0.929,0.650
0.679,0.342
0.342,0.000
0.000,0.000
0.000,0.000
0.000,0.000
0.000,0.000
0.000,0.000
0.000,0.000
0.000,0.000
0.000,0.000
0.000,0.386
0.298,0.640
0.645,0.880
0.894,0.987
1.026,0.958
1.002,0.797
0.841,0.543
0.562,0.205
0.200,0.000
0.000,0.000
0.000,0.000
0.000,0.000
0.000,0.000
0.000,0.000
0.000,0.000
0.000,0.000
0.000,0.117
0.068,0.459
0.440,0.738
0.753,0.929
0.948,0.987
1.031,0.914
0.982,0.718
0.748,0.386
0.430,0.073
0.059,0.000
0.000,0.000
0.000,0.000
0.000,0.000
0.000,0.000
0.000,0.000
0.000,0.000
0.000,0.000
0.000,0.249
0.196,0.577
0.572,0.826
0.850,0.968
0.992,0.973
1.022,0.860
0.894,0.616
0.635,0.318
0.293,0.000
0.000,0.000
0.000,0.000
0.000,0.000
0.000,0.000
0.000,0.000
0.000,0.000
0.000,0.000
0.000,0.039
0.000,0.381
0.352,0.679
0.694,0.894
0.919,0.987
1.026,0.943
0.987,0.772
0.811,0.503
0.518,0.161
0.142,0.000
0.000,0.000
0.000,0.000
0.000,0.000
0.000,0.000
0.000,0.000
0.000,0.000
0.000,0.000
0.000,0.166
0.122,0.503
0.489,0.772
0.782,0.943
0.978,0.987
1.041,0.894
0.938,0.674
0.728,0.376
0.381,0.024
0.000,0.000
0.000,0.000
0.000,0.000
0.000,0.000
0.000,0.000
0.000,0.000
0.000,0.000
0.000,0.000
0.000,0.313
0.259,0.616
0.621,0.850
0.875,0.978
1.012,0.968
1.012,0.831
0.870,0.572
0.596,0.215
0.249,0.000
0.000,0.000
0.000,0.000
0.000,0.000
0.000,0.000
0.000,0.000
0.000,0.000
0.000,0.000
0.000,0.039
0.020,0.425
0.371,0.714
0.723,0.914
0.948,0.987
1.031,0.929
0.973,0.743
0.777,0.455
0.469,0.112
0.098,0.000
0.000,0.000
0.000,0.000
0.000,0.000
0.000,0.000
0.000,0.000
0.000,0.000
0.000,0.000
0.000,0.210
0.166,0.538
0.528,0.787
0.816,0.963
0.992,0.978
1.026,0.875
0.909,0.645
0.665,0.342
0.332,0.000
0.000,0.000
0.000,0.000
0.000,0.000
0.000,0.000
0.000,0.000
0.000,0.000
0.000,0.000
0.000,0.000
0.000,0.318
0.308,0.645
0.655,0.880
0.904,0.982
1.022,0.963
0.997,0.797
0.865,0.523
0.547,0.196
0.068,0.000
0.000,0.000
0.000,0.000
0.000,0.000
0.000,0.000
0.000,0.000
0.000,0.000
0.000,0.000
0.000,0.132
0.073,0.474
0.450,0.748
0.762,0.934
0.968,0.978
1.026,0.914
0.953,0.704
0.738,0.415
0.425,0.059
0.044,0.000
0.000,0.000
0.000,0.000
0.000,0.000
0.000,0.000
0.000,0.000
0.000,0.000
0.000,0.000
0.000,0.264
0.220,0.582
0.577,0.831
0.850,0.968
0.997,0.973
1.017,0.846
0.885,0.601
0.626,0.279
0.279,0.000
0.000,0.000
0.000,0.000
0.000,0.000
0.000,0.000
0.000,0.000
0.000,0.000
0.000,0.000
0.000,0.039
0.000,0.391
0.362,0.689
0.694,0.894
0.924,0.978
1.031,0.943
0.987,0.772
0.802,0.489
0.508,0.122
0.132,0.000
0.000,0.000
0.000,0.000
0.000,0.000
0.000,0.000
0.000,0.000
0.000,0.000
0.000,0.000
0.000,0.176
0.122,0.523
0.523,0.777
0.797,0.948
0.982,0.982
1.031,0.894
0.929,0.674
0.699,0.367
0.371,0.010
0.000,0.000
0.000,0.000
0.000,0.000
0.000,0.000
0.000,0.000
0.000,0.000
0.000,0.000
0.000,0.000
0.000,0.327
0.269,0.606
0.621,0.855
0.880,0.978
1.026,0.963
1.017,0.821
0.850,0.567
0.582,0.239
0.225,0.000
0.000,0.000
0.000,0.000
0.000,0.000
0.000,0.000
0.000,0.000
0.000,0.000
0.000,0.000
0.000,0.093
0.024,0.430
0.411,0.723
0.723,0.919
0.948,0.987
1.031,0.924
0.968,0.738
0.767,0.445
0.459,0.098
0.083,0.000
0.000,0.000
0.000,0.000
0.000,0.000
0.000,0.000
0.000,0.000
0.000,0.000
0.000,0.000
0.000,0.225
0.176,0.552
0.538,0.811
0.826,0.963
0.997,0.973
1.026,0.865
0.914,0.635
0.665,0.313
0.288,0.000
0.000,0.000
0.000,0.000
0.000,0.000
0.000,0.000
0.000,0.000
0.000,0.000
0.000,0.000
0.000,0.015
0.000,0.352
0.323,0.660
0.660,0.850
0.904,0.982
1.026,0.963
0.997,0.797
0.826,0.567
0.543,0.191
0.181,0.000
0.000,0.000
0.000,0.000
0.000,0.000
0.000,0.000
0.000,0.000
0.000,0.000
0.000,0.000
0.000,0.137
0.083,0.479
0.459,0.753
0.767,0.934
0.968,0.982
1.026,0.904
0.948,0.699
0.743,0.401
0.411,0.054
0.039,0.000
0.000,0.000
0.000,0.000
0.000,0.000
0.000,0.000
0.000,0.000
0.000,0.000
0.000,0.000
0.000,0.269
0.230,0.591
0.587,0.831
0.860,0.973
1.012,0.973
1.017,0.841
0.880,0.601
0.621,0.274
0.283,0.000
0.000,0.000
0.000,0.000
0.000,0.000
0.000,0.000
0.000,0.000
0.000,0.000
0.000,0.000
0.000,0.073
0.000,0.396
0.323,0.694
0.704,0.909
0.924,0.987
1.031,0.938
0.982,0.762
0.797,0.484
0.499,0.137
0.137,0.000
0.000,0.000
0.000,0.000
0.000,0.000
0.000,0.000
0.000,0.000
0.000,0.000
0.000,0.000
0.000,0.191
0.132,0.518
0.508,0.787
0.802,0.953
0.987,0.982
1.031,0.894
0.929,0.670
0.699,0.332
0.362,0.005
0.000,0.000
0.000,0.000
0.000,0.000
0.000,0.000
0.000,0.000
0.000,0.000
0.000,0.000
0.000,0.000
0.000,0.308
0.279,0.630
0.626,0.860
0.885,0.978
1.012,0.963
1.007,0.816
0.850,0.523
0.572,0.225
0.225,0.000
0.000,0.000
0.000,0.000
0.000,0.000
0.000,0.000
0.000,0.000
0.000,0.000
0.000,0.000
0.000,0.093
0.039,0.445
0.415,0.723
0.743,0.924
0.948,0.987
1.031,0.919
0.968,0.733
0.762,0.430
0.450,0.088
0.083,0.000
0.000,0.000
0.000,0.000
0.000,0.000
0.000,0.000
0.000,0.000
0.000,0.000
0.000,0.000
0.000,0.196
0.186,0.572
0.538,0.816
0.836,0.963
1.002,0.982
1.022,0.836
0.899,0.630
0.655,0.303
0.313,0.000
0.000,0.000
0.000,0.000
0.000,0.000
0.000,0.000
0.000,0.000
0.000,0.000
0.000,0.000
0.000,0.015
0.000,0.367
0.332,0.640
0.665,0.880
0.909,0.987
1.012,0.948
0.992,0.797
0.802,0.518
0.533,0.181
0.171,0.000
0.000,0.000
0.000,0.000
0.000,0.000
0.000,0.000
0.000,0.000
0.000,0.000
0.000,0.000
0.000,0.147
0.078,0.479
0.469,0.758
0.782,0.934
0.968,0.987
1.031,0.904
0.943,0.694
0.704,0.396
0.401,0.039
0.020,0.000
0.000,0.000
0.000,0.000
0.000,0.000
0.000,0.000
0.000,0.000
0.000,0.000
0.000,0.000
0.000,0.279
0.235,0.601
0.587,0.841
0.865,0.978
1.007,0.973
1.017,0.836
0.875,0.587
0.616,0.259
0.264,0.000
0.000,0.000
0.000,0.000
0.000,0.000
0.000,0.000
0.000,0.000
0.000,0.000
0.000,0.000
0.000,0.064
0.034,0.406
0.381,0.704
0.709,0.909
0.934,0.968
1.031,0.938
0.982,0.772
0.792,0.479
0.469,0.132
0.117,0.000
0.000,0.000
0.000,0.000
0.000,0.000
0.000,0.000
0.000,0.000
0.000,0.000
0.000,0.000
0.000,0.196
0.142,0.533
0.508,0.811
0.811,0.953
0.987,0.982
1.031,0.875
0.919,0.660
0.684,0.357
0.352,0.000
0.000,0.000
0.000,0.000
0.000,0.000
0.000,0.000
0.000,0.000
0.000,0.000
0.000,0.000
0.000,0.000
0.000,0.323
0.288,0.640
0.635,0.865
0.890,0.982
1.022,0.958
1.007,0.811
0.846,0.552
0.572,0.215
0.210,0.000
0.000,0.000
0.000,0.000
0.000,0.000
0.000,0.000
0.000,0.000
0.000,0.000
0.000,0.000
0.000,0.112
0.073,0.455
0.430,0.738
0.748,0.924
0.958,0.982
1.031,0.924
0.982,0.723
0.753,0.430
0.440,0.088
0.064,0.000
0.000,0.000
0.000,0.000
0.000,0.000
0.000,0.000
0.000,0.000
0.000,0.000
0.000,0.000
0.000,0.244
0.200,0.577
0.557,0.821
0.836,0.978
0.997,0.978
1.022,0.860
0.899,0.626
0.635,0.293
0.303,0.000
0.000,0.000
0.000,0.000
0.000,0.000
0.000,0.000
0.000,0.000
0.000,0.000
0.000,0.000
0.000,0.029
0.000,0.371
0.337,0.674
0.679,0.890
0.929,0.987
1.026,0.938
0.992,0.787
0.821,0.489
0.528,0.166
0.156,0.000
0.000,0.000
0.000,0.000
0.000,0.000
0.000,0.000
0.000,0.000
0.000,0.000
0.000,0.000
0.000,0.156
0.103,0.489
0.474,0.767
0.777,0.938
0.982,0.987
1.031,0.904
0.919,0.689
0.723,0.386
0.391,0.039
0.010,0.000
0.000,0.000
delay,correlation
highshift: -0.0050
highr: 0.9979
1.017,0.826
0.865,0.582
0.591,0.239
0.235,0.000
0.000,0.000
0.000,0.000
0.000,0.000
0.000,0.000
0.000,0.000
0.000,0.000
0.000,0.000
0.000,0.088
0.020,0.430
0.406,0.723
0.728,0.914
0.943,0.992
1.031,0.924
0.963,0.743
0.767,0.455
0.464,0.108
0.093,0.000
0.000,0.000
0.000,0.000
0.000,0.000
0.000,0.000
0.000,0.000
0.000,0.000
0.000,0.000
0.000,0.215
0.142,0.533
0.538,0.806
0.816,0.953
0.997,0.982
1.026,0.860
0.909,0.645
0.650,0.327
0.327,0.000
0.000,0.000
0.000,0.000
0.000,0.000
0.000,0.000
0.000,0.000
0.000,0.000
0.000,0.000
0.000,0.000
0.000,0.352
0.318,0.655
0.650,0.870
0.904,0.982
1.026,0.953
0.997,0.797
0.831,0.528
0.547,0.191
0.176,0.000
0.000,0.000
0.000,0.000
0.000,0.000
0.000,0.000
0.000,0.000
0.000,0.000
0.000,0.000
0.000,0.132
0.044,0.469
0.450,0.753
0.767,0.934
0.968,0.992
1.036,0.909
0.953,0.709
0.743,0.450
0.415,0.054
0.034,0.000
0.000,0.000
0.000,0.000
0.000,0.000
0.000,0.000
0.000,0.000
0.000,0.000
0.000,0.000
0.000,0.264
0.205,0.587
0.582,0.831
0.860,0.968
1.007,0.978
1.022,0.846
0.880,0.606
0.626,0.279
0.279,0.000
0.000,0.000
0.000,0.000
0.000,0.000
0.000,0.000
0.000,0.000
0.000,0.000
0.000,0.000
0.000,0.068
0.000,0.391
0.362,0.694
0.694,0.899
0.899,0.987
1.022,0.943
0.987,0.762
0.802,0.499
0.494,0.147
0.132,0.000
0.000,0.000
0.000,0.000
0.000,0.000
0.000,0.000
0.000,0.000
0.000,0.000
0.000,0.000
0.000,0.176
0.127,0.513
0.499,0.792
0.797,0.943
1.012,0.987
1.031,0.894
0.948,0.679
0.699,0.367
0.367,0.010
0.000,0.000
0.000,0.000
0.000,0.000
0.000,0.000
0.000,0.000
0.000,0.000
0.000,0.000
0.000,0.000
0.000,0.313
0.264,0.626
0.616,0.860
0.880,0.973
1.017,0.963
1.007,0.816
0.855,0.567
0.582,0.235
0.259,0.000
0.000,0.000
0.000,0.000
0.000,0.000
0.000,0.000
0.000,0.000
0.000,0.000
0.000,0.000
0.000,0.093
0.034,0.435
0.411,0.723
0.738,0.919
0.948,0.992
1.031,0.924
0.963,0.753
0.762,0.445
0.450,0.098
0.083,0.000
0.000,0.000
0.000,0.000
0.000,0.000
0.000,0.000
0.000,0.000
0.000,0.000
0.000,0.000
0.000,0.239
0.181,0.557
0.552,0.811
0.831,0.963
1.056,0.982
1.026,0.836
0.904,0.626
0.660,0.293
0.318,0.000
0.000,0.000
0.000,0.000
0.000,0.000
0.000,0.000
0.000,0.000
0.000,0.000
0.000,0.000
0.000,0.015
0.000,0.357
0.347,0.665
0.660,0.880
0.914,0.982
1.026,0.953
1.022,0.797
0.826,0.523
0.538,0.186
0.181,0.000
0.000,0.000
0.000,0.000
0.000,0.000
0.000,0.000
0.000,0.000
0.000,0.000
0.000,0.000
0.000,0.142
0.083,0.479
0.459,0.762
0.767,0.934
0.978,0.978
1.031,0.904
0.948,0.699
0.728,0.401
0.406,0.044
0.029,0.000
0.000,0.000
0.000,0.000
0.000,0.000
0.000,0.000
0.000,0.000
0.000,0.000
0.000,0.000
0.000,0.274
0.239,0.591
0.587,0.836
0.860,0.968
1.007,0.973
1.017,0.841
0.870,0.630
0.616,0.269
0.259,0.000
0.000,0.000
0.000,0.000
0.000,0.000
0.000,0.000
0.000,0.000
0.000,0.000
0.000,0.000
0.000,0.059
0.000,0.396
0.371,0.689
0.704,0.904
0.938,0.987
1.026,0.934
0.982,0.758
0.792,0.469
0.494,0.132
0.127,0.000
0.000,0.000
0.000,0.000
0.000,0.000
0.000,0.000
0.000,0.000
0.000,0.000
0.000,0.000
0.000,0.196
0.142,0.523
0.513,0.841
0.806,0.953
0.987,0.987
1.022,0.885
0.963,0.660
0.689,0.352
0.357,0.000
0.000,0.000
0.000,0.000
0.000,0.000
0.000,0.000
0.000,0.000
0.000,0.000
0.000,0.000
0.000,0.000
0.000,0.323
0.283,0.635
0.626,0.880
0.890,0.978
0.997,0.963
0.997,0.816
0.850,0.552
0.572,0.220
0.215,0.000
0.000,0.000
0.000,0.000
0.000,0.000
0.000,0.000
0.000,0.000
0.000,0.000
0.000,0.000
0.000,0.083
0.044,0.450
0.425,0.733
0.743,0.919
0.953,0.992
1.036,0.899
0.963,0.723
0.777,0.435
0.440,0.083
0.068,0.000
0.000,0.000
0.000,0.000
0.000,0.000
0.000,0.000
0.000,0.000
0.000,0.000
0.000,0.000
0.000,0.191
0.196,0.562
0.552,0.816
0.836,0.953
1.002,0.978
1.031,0.860
0.899,0.621
0.650,0.303
0.303,0.000
0.000,0.000
0.000,0.000
0.000,0.000
0.000,0.000
0.000,0.000
0.000,0.000
0.000,0.000
0.000,0.020
0.000,0.367
0.327,0.670
0.674,0.880
0.919,0.982
1.026,0.948
0.982,0.792
0.821,0.523
0.523,0.171
0.161,0.000
0.000,0.000
0.000,0.000
0.000,0.000
0.000,0.000
0.000,0.000
0.000,0.000
0.000,0.000
0.000,0.152
0.098,0.479
0.469,0.762
0.777,0.938
0.973,0.963
1.031,0.899
0.934,0.689
0.718,0.391
0.411,0.034
0.015,0.000
0.000,0.000
0.000,0.000
0.000,0.000
0.000,0.000
0.000,0.000
0.000,0.000
0.000,0.000
0.000,0.288
0.249,0.601
0.601,0.846
0.860,0.973
1.012,0.968
1.017,0.836
0.870,0.587
0.611,0.254
0.254,0.000
0.000,0.000
0.000,0.000
0.000,0.000
0.000,0.000
0.000,0.000
0.000,0.000
0.000,0.000
0.000,0.068
0.005,0.415
0.396,0.709
0.723,0.899
0.938,0.987
1.026,0.938
0.978,0.748
0.787,0.469
0.479,0.127
0.112,0.000
0.000,0.000
0.000,0.000
0.000,0.000
0.000,0.000
0.000,0.000
0.000,0.000
0.000,0.000
0.000,0.200
0.152,0.538
0.562,0.797
0.811,0.938
0.997,0.987
1.026,0.890
0.919,0.655
0.660,0.327
0.342,0.000
0.000,0.000
0.000,0.000
0.000,0.000
0.000,0.000
0.000,0.000
0.000,0.000
0.000,0.000
0.000,0.000
0.000,0.332
0.293,0.611
0.635,0.875
0.909,0.982
1.026,0.958
1.007,0.806
0.841,0.543
0.562,0.215
0.200,0.000
0.000,0.000
0.000,0.000
0.000,0.000
0.000,0.000
0.000,0.000
0.000,0.000
0.000,0.000
0.000,0.103
0.059,0.459
0.435,0.733
0.738,0.919
0.963,0.987
1.041,0.919
0.958,0.684
0.748,0.425
0.440,0.073
0.054,0.000
0.000,0.000
0.000,0.000
0.000,0.000
0.000,0.000
0.000,0.000
0.000,0.000
0.000,0.000
0.000,0.230
0.205,0.572
0.567,0.831
0.850,0.997
1.002,0.978
1.002,0.855
0.894,0.616
0.640,0.293
0.303,0.000
0.000,0.000
0.000,0.000
0.000,0.000
0.000,0.000
0.000,0.000
0.000,0.000
0.000,0.000
0.000,0.034
0.000,0.381
0.342,0.660
0.684,0.894
0.909,0.982
1.026,0.943
0.987,0.777
0.811,0.503
0.518,0.161
0.152,0.000
0.000,0.000
0.000,0.000
0.000,0.000
0.000,0.000
0.000,0.000
0.000,0.000
0.000,0.000
0.000,0.166
0.112,0.499
0.479,0.762
0.787,0.943
0.978,0.982
1.031,0.890
0.934,0.689
0.714,0.376
0.381,0.024
0.005,0.000
0.000,0.000
0.000,0.000
0.000,0.000
0.000,0.000
0.000,0.000
0.000,0.000
0.000,0.000
0.000,0.323
0.259,0.611
0.650,0.850
0.875,0.982
1.026,0.968
1.007,0.816
0.865,0.577
0.596,0.254
0.249,0.000
0.000,0.000
0.000,0.000
0.000,0.000
0.000,0.000
0.000,0.000
0.000,0.000
0.000,0.000
0.000,0.078
0.029,0.425
0.396,0.738
0.718,0.909
0.943,0.992
1.031,0.929
0.973,0.762
0.782,0.459
0.474,0.196
0.098,0.000
0.000,0.000
0.000,0.000
0.000,0.000
0.000,0.000
0.000,0.000
0.000,0.000
0.000,0.000
0.000,0.215
0.166,0.543
0.528,0.787
0.821,0.958
0.997,0.992
1.017,0.875
0.914,0.645
0.670,0.332
0.327,0.000
0.000,0.000
0.000,0.000
0.000,0.000
0.000,0.000
0.000,0.000
0.000,0.000
0.000,0.000
0.000,0.000
0.000,0.342
0.313,0.650
0.650,0.860
0.904,0.982
1.017,0.958
0.997,0.802
0.816,0.538
0.557,0.196
0.191,0.000
0.000,0.000
0.000,0.000
0.000,0.000
0.000,0.000
0.000,0.000
0.000,0.000
0.000,0.000
0.000,0.132
0.073,0.469
0.420,0.748
0.762,0.938
0.968,0.987
1.026,0.914
0.953,0.714
0.743,0.406
0.420,0.068
0.044,0.000
0.000,0.000
0.000,0.000
0.000,0.000
0.000,0.000
0.000,0.000
0.000,0.000
0.000,0.000
0.000,0.259
0.215,0.587
0.577,0.841
0.850,0.968
0.997,0.973
1.017,0.850
0.919,0.606
0.630,0.283
0.274,0.000
0.000,0.000
0.000,0.000
0.000,0.000
0.000,0.000
0.000,0.000
0.000,0.000
0.000,0.000
0.000,0.054
0.000,0.391
0.357,0.689
0.689,0.894
0.924,0.987
1.026,0.948
0.982,0.767
0.841,0.484
0.503,0.152
0.137,0.000
0.000,0.000
0.000,0.000
0.000,0.000
0.000,0.000
0.000,0.000
0.000,0.000
0.000,0.000
0.000,0.176
0.127,0.508
0.479,0.772
0.797,0.938
0.982,0.987
1.031,0.850
0.934,0.679
0.723,0.367
0.371,0.015
0.000,0.000
0.000,0.000
0.000,0.000
0.000,0.000
0.000,0.000
0.000,0.000
0.000,0.000
0.000,0.000
0.000,0.313
0.269,0.626
0.616,0.860
0.885,0.978
0.997,0.968
1.012,0.821
0.860,0.508
0.577,0.239
0.205,0.000
0.000,0.000
0.000,0.000
0.000,0.000
0.000,0.000
0.000,0.000
0.000,0.000
0.000,0.000
0.000,0.093
0.029,0.420
0.411,0.718
0.684,0.919
0.953,0.987
1.031,0.929
0.973,0.738
0.767,0.445
0.455,0.108
0.083,0.000
0.000,0.000
0.000,0.000
0.000,0.000
0.000,0.000
0.000,0.000
0.000,0.000
0.000,0.000
0.000,0.235
0.176,0.552
0.562,0.806
0.826,0.924
0.997,0.982
1.031,0.870
0.909,0.645
0.660,0.323
0.323,0.000
0.000,0.000
0.000,0.000
0.000,0.000
0.000,0.000
0.000,0.000
0.000,0.000
0.000,0.000
0.000,0.005
0.000,0.352
0.323,0.645
0.650,0.880
0.909,0.982
1.017,0.953
0.997,0.787
0.826,0.528
0.543,0.239
0.181,0.000
0.000,0.000
0.000,0.000
0.000,0.000
0.000,0.000
0.000,0.000
0.000,0.000
0.000,0.000
0.000,0.132
0.083,0.474
0.445,0.753
0.767,0.924
0.992,0.987
1.036,0.909
0.938,0.704
0.728,0.406
0.411,0.049
0.029,0.000
0.000,0.000
0.000,0.000
0.000,0.000
0.000,0.000
0.000,0.000
0.000,0.000
0.000,0.000
0.000,0.269
0.230,0.591
0.582,0.836
0.855,0.982
1.007,0.973
1.017,0.890
0.880,0.596
0.621,0.269
0.274,0.000
0.000,0.000
0.000,0.000
0.000,0.000
0.000,0.000
0.000,0.000
0.000,0.000
0.000,0.000
0.000,0.083
0.000,0.401
0.371,0.694
0.699,0.934
0.934,0.987
1.031,0.948
0.992,0.767
0.797,0.484
0.494,0.132
0.132,0.000
0.000,0.000
0.000,0.000
0.000,0.000
0.000,0.000
0.000,0.000
0.000,0.000
0.000,0.000
0.000,0.186
0.137,0.518
0.508,0.782
0.806,0.953
0.987,0.987
1.031,0.880
0.963,0.670
0.699,0.357
0.362,0.000
0.000,0.000
0.000,0.000
0.000,0.000
0.000,0.000
0.000,0.000
0.000,0.000
0.000,0.000
0.000,0.000
0.000,0.313
0.279,0.626
0.626,0.841
0.890,0.982
1.022,0.934
1.007,0.816
0.850,0.547
0.577,0.225
0.215,0.000
0.000,0.000
0.000,0.000
0.000,0.000
0.000,0.000
0.000,0.000
0.000,0.000
0.000,0.000
0.000,0.103
0.039,0.440
0.425,0.733
0.733,0.919
0.934,0.987
1.031,0.919
0.978,0.728
0.758,0.435
0.469,0.088
0.073,0.000
0.000,0.000
0.000,0.000
0.000,0.000
0.000,0.000
0.000,0.000
0.000,0.000
0.000,0.000
0.000,0.235
0.137,0.562
0.547,0.806
0.831,0.963
1.002,0.929
1.026,0.860
0.899,0.635
0.655,0.313
0.337,0.000
0.000,0.000
0.000,0.000
0.000,0.000
0.000,0.000
0.000,0.000
0.000,0.000
0.000,0.000
0.000,0.010
0.000,0.362
0.327,0.665
0.689,0.890
0.914,0.987
1.036,0.953
0.997,0.787
0.826,0.523
0.533,0.176
0.161,0.000
0.000,0.000
0.000,0.000
0.000,0.000
0.000,0.000
0.000,0.000
0.000,0.000
0.000,0.000
0.000,0.152
0.093,0.484
0.469,0.733
0.758,0.938
0.973,0.987
1.031,0.904
0.943,0.694
0.723,0.396
0.401,0.044
0.020,0.000
0.000,0.000
0.000,0.000
0.000,0.000
0.000,0.000
0.000,0.000
0.000,0.000
0.000,0.000
0.000,0.274
0.249,0.601
0.591,0.836
0.860,0.953
1.012,0.973
1.017,0.875
0.875,0.591
0.606,0.254
0.259,0.000
0.000,0.000
0.000,0.000
0.000,0.000
0.000,0.000
0.000,0.000
0.000,0.000
0.000,0.000
0.000,0.068
0.000,0.411
0.381,0.718
0.709,0.909
0.934,0.958
1.026,0.938
0.978,0.753
0.792,0.450
0.464,0.132
0.117,0.000
0.000,0.000
0.000,0.000
0.000,0.000
0.000,0.000
0.000,0.000
0.000,0.000
0.000,0.000
0.000,0.200
0.152,0.528
0.508,0.802
0.806,0.953
0.987,0.997
1.026,0.885
0.924,0.655
0.684,0.352
0.352,0.005
0.000,0.000
0.000,0.000
0.000,0.000
0.000,0.000
0.000,0.000
0.000,0.000
0.000,0.000
0.000,0.000
0.000,0.327
0.288,0.640
0.640,0.865
0.894,0.978
1.017,0.929
1.007,0.811
0.846,0.499
0.567,0.220
0.210,0.000
0.000,0.000
0.000,0.000
0.000,0.000
0.000,0.000
0.000,0.000
0.000,0.000
0.000,0.000
0.000,0.127
0.054,0.455
0.440,0.738
0.748,0.929
0.958,0.982
1.026,0.919
0.958,0.723
0.753,0.435
0.440,0.078
0.059,0.000
0.000,0.000
0.000,0.000
0.000,0.000
0.000,0.000
0.000,0.000
0.000,0.000
0.000,0.000
0.000,0.249
0.200,0.567
0.552,0.821
0.841,0.963
1.002,0.978
1.022,0.860
0.894,0.621
0.645,0.293
0.298,0.000
0.000,0.000
0.000,0.000
0.000,0.000
0.000,0.000
0.000,0.000
0.000,0.000
0.000,0.000
0.000,0.024
0.000,0.376
0.332,0.670
0.674,0.890
0.924,0.982
1.026,0.948
0.978,0.777
0.816,0.508
0.523,0.166
0.156,0.000
0.000,0.000
0.000,0.000
0.000,0.000
0.000,0.000
0.000,0.000
0.000,0.000
0.000,0.000
0.000,0.156
0.103,0.494
0.459,0.772
0.787,0.938
1.026,0.987
1.022,0.899
0.953,0.689
0.718,0.352
0.391,0.034
0.010,0.000
0.000,0.000
0.000,0.000
0.000,0.000
0.000,0.000
0.000,0.000
0.000,0.000
0.000,0.000
0.000,0.288
0.264,0.606
0.601,0.846
0.875,0.973
1.017,0.973
1.012,0.826
0.855,0.582
0.601,0.259
0.249,0.000
0.000,0.000
0.000,0.000
0.000,0.000
0.000,0.000
0.000,0.000
0.000,0.000
0.000,0.000
0.000,0.073
0.015,0.415
0.391,0.714
0.709,0.914
0.943,0.997
1.031,0.929
0.978,0.738
0.782,0.464
0.474,0.098
0.108,0.000
0.000,0.000
0.000,0.000
0.000,0.000
0.000,0.000
0.000,0.000
0.000,0.000
0.000,0.000
0.000,0.205
0.156,0.538
0.518,0.806
0.816,0.958
0.987,0.982
1.026,0.875
0.914,0.650
0.679,0.337
0.342,0.000
0.000,0.000
0.000,0.000
0.000,0.000
0.000,0.000
0.000,0.000
0.000,0.000
0.000,0.000
0.000,0.000
0.000,0.342
0.298,0.621
0.645,0.870
0.899,0.973
1.026,0.958
0.992,0.806
0.836,0.543
0.557,0.205
0.196,0.000
0.000,0.000
0.000,0.000
0.000,0.000
0.000,0.000
0.000,0.000
0.000,0.000
0.000,0.000
0.000,0.122
0.059,0.459
0.435,0.743
0.748,0.924
0.958,0.992
1.036,0.909
0.894,0.714
0.743,0.469
0.425,0.073
0.034,0.000
0.000,0.000
0.000,0.000
0.000,0.000
0.000,0.000
0.000,0.000
0.000,0.000
0.000,0.000
0.000,0.254
0.215,0.582
0.572,0.826
0.816,0.963
1.007,0.978
1.031,0.850
0.890,0.611
0.601,0.293
0.288,0.000
0.000,0.000
0.000,0.000
0.000,0.000
0.000,0.000
0.000,0.000
0.000,0.000
0.000,0.000
0.000,0.034
0.000,0.376
0.352,0.684
0.684,0.894
0.924,0.968
1.031,0.948
0.987,0.762
0.811,0.499
0.508,0.156
0.147,0.000
0.000,0.000
0.000,0.000
0.000,0.000
0.000,0.000
0.000,0.000
0.000,0.000
0.000,0.000
0.000,0.161
0.117,0.494
0.484,0.802
0.792,0.943
0.997,0.987
1.031,0.894
0.968,0.679
0.714,0.376
0.381,0.020
0.000,0.000
0.000,0.000
0.000,0.000
0.000,0.000
0.000,0.000
0.000,0.000
0.000,0.000
0.000,0.000
0.000,0.298
0.230,0.616
0.611,0.850
0.880,0.978
1.017,0.968
1.012,0.826
0.870,0.562
0.596,0.244
0.239,0.000
0.000,0.000
0.000,0.000
0.000,0.000
0.000,0.000
0.000,0.000
0.000,0.000
0.000,0.000
0.000,0.088
0.024,0.420
0.401,0.733
0.723,0.914
0.943,0.997
1.031,0.929
0.968,0.748
0.772,0.455
0.474,0.137
0.088,0.000
0.000,0.000
0.000,0.000
0.000,0.000
0.000,0.000
0.000,0.000
0.000,0.000
0.000,0.000
0.000,0.205
0.166,0.494
0.533,0.802
0.821,0.958
0.997,0.978
0.982,0.870
0.914,0.640
0.679,0.327
0.327,0.000
0.000,0.000
0.000,0.000
0.000,0.000
0.000,0.000
0.000,0.000
0.000,0.000
0.000,0.000
0.000,0.005
0.000,0.347
0.308,0.650
0.674,0.875
0.909,0.963
1.022,0.953
0.992,0.797
0.836,0.533
0.523,0.196
0.186,0.000
0.000,0.000
0.000,0.000
0.000,0.000
0.000,0.000
0.000,0.000
0.000,0.000
0.000,0.000
0.000,0.132
0.083,0.455
0.450,0.758
0.767,0.934
0.973,0.982
1.051,0.914
0.953,0.709
0.733,0.411
0.415,0.059
0.034,0.000
0.000,0.000
0.000,0.000
0.000,0.000
0.000,0.000
0.000,0.000
0.000,0.000
0.000,0.000
0.000,0.264
0.205,0.572
0.577,0.826
0.855,0.968
1.007,0.973
1.022,0.846
0.885,0.601
0.630,0.283
0.279,0.000
0.000,0.000
0.000,0.000
0.000,0.000
0.000,0.000
0.000,0.000
0.000,0.000
0.000,0.000
0.000,0.044
0.000,0.391
0.362,0.694
0.694,0.904
0.924,0.982
1.031,0.934
0.982,0.767
0.802,0.489
0.503,0.147
0.137,0.000
0.000,0.000
0.000,0.000
0.000,0.000
0.000,0.000
0.000,0.000
0.000,0.000
0.000,0.000
0.000,0.171
0.127,0.513
0.499,0.782
0.792,0.948
0.982,0.982
1.031,0.885
0.978,0.670
0.699,0.362
0.420,0.005
0.000,0.000
0.000,0.000
0.000,0.000
0.000,0.000
0.000,0.000
0.000,0.000
0.000,0.000
0.000,0.000
0.000,0.288
0.274,0.660
0.621,0.855
0.880,0.963
1.017,0.963
1.012,0.816
0.850,0.562
0.582,0.235
0.230,0.000
0.000,0.000
0.000,0.000
0.000,0.000
0.000,0.000
0.000,0.000
0.000,0.000
0.000,0.000
0.000,0.093
0.034,0.435
0.406,0.723
0.733,0.919
0.953,0.982
1.031,0.919
0.963,0.738
0.767,0.445
0.459,0.093
0.068,0.000
0.000,0.000
0.000,0.000
0.000,0.000
0.000,0.000
0.000,0.000
0.000,0.000
0.000,0.000
0.000,0.225
0.181,0.552
0.547,0.806
0.826,0.958
0.997,0.987
1.022,0.870
0.904,0.635
0.660,0.298
0.298,0.000
0.000,0.000
0.000,0.000
0.000,0.000
0.000,0.000
0.000,0.000
0.000,0.000
0.000,0.000
0.000,0.005
0.000,0.371
0.323,0.665
0.670,0.880
0.909,1.007
1.026,0.953
0.992,0.792
0.826,0.523
0.552,0.186
0.176,0.000
0.000,0.000
0.000,0.000
0.000,0.000
0.000,0.000
0.000,0.000
0.000,0.000
0.000,0.000
0.000,0.142
0.093,0.489
0.459,0.758
0.772,0.929
0.968,0.982
1.017,0.904
0.948,0.699
0.738,0.396
0.406,0.054
0.029,0.000
0.000,0.000
0.000,0.000
0.000,0.000
0.000,0.000
0.000,0.000
0.000,0.000
0.000,0.000
0.000,0.274
0.235,0.591
0.587,0.836
0.855,0.973
1.007,0.973
1.022,0.841
0.875,0.596
0.635,0.269
0.269,0.000
0.000,0.000
0.000,0.000
0.000,0.000
0.000,0.000
0.000,0.000
0.000,0.000
0.000,0.000
0.000,0.059
0.000,0.401
0.376,0.743
0.704,0.904
0.943,0.987
1.031,0.938
0.978,0.762
0.797,0.484
0.494,0.137
0.132,0.000
0.000,0.000
0.000,0.000
0.000,0.000
0.000,0.000
0.000,0.000
0.000,0.000
0.000,0.000
0.000,0.191
0.142,0.518
0.508,0.787
0.811,0.953
0.992,0.987
1.026,0.890
0.929,0.660
0.718,0.352
0.362,0.000
0.000,0.000
0.000,0.000
0.000,0.000
0.000,0.000
0.000,0.000
0.000,0.000
0.000,0.000
0.000,0.000
0.000,0.323
0.288,0.650
0.630,0.865
0.885,0.978
1.017,0.963
1.012,0.811
0.850,0.552
0.572,0.215
0.210,0.000
0.000,0.000
0.000,0.000
0.000,0.000
0.000,0.000
0.000,0.000
0.000,0.000
0.000,0.000
0.000,0.103
0.049,0.445
0.430,0.733
0.743,0.924
0.953,0.987
1.036,0.919
0.958,0.728
0.728,0.445
0.445,0.088
0.039,0.000
0.000,0.000
0.000,0.000
0.000,0.000
0.000,0.000
0.000,0.000
0.000,0.000
0.000,0.000
0.000,0.220
0.196,0.557
0.557,0.816
0.841,0.929
0.997,0.978
1.012,0.860
0.894,0.645
0.650,0.308
0.313,0.005
0.000,0.000
0.000,0.000
0.000,0.000
0.000,0.000
0.000,0.000
0.000,0.000
0.000,0.000
0.000,0.020
0.000,0.396
0.337,0.674
0.674,0.885
0.934,0.992
1.026,0.948
0.992,0.777
0.836,0.518
0.528,0.176
0.161,0.000
0.000,0.000
0.000,0.000
0.000,0.000
0.000,0.000
0.000,0.000
0.000,0.000
0.000,0.000
0.000,0.152
0.103,0.484
0.474,0.762
0.777,0.938
0.968,0.982
1.031,0.860
0.943,0.694
0.684,0.386
0.396,0.039
0.015,0.000
0.000,0.000
0.000,0.000
0.000,0.000
0.000,0.000
0.000,0.000
0.000,0.000
0.000,0.000
0.000,0.283
0.249,0.601
0.601,0.846
0.870,0.973
1.017,0.992
1.012,0.836
0.890,0.587
0.601,0.259
0.254,0.000
0.000,0.000
0.000,0.000
0.000,0.000
0.000,0.000
0.000,0.000
0.000,0.000
0.000,0.000
0.000,0.068
0.005,0.411
0.386,0.704
0.714,0.904
0.938,0.953
1.031,0.934
0.982,0.753
0.782,0.469
0.474,0.127
0.108,0.000
0.000,0.000
0.000,0.000
0.000,0.000
0.000,0.000
0.000,0.000
0.000,0.000
0.000,0.000
0.000,0.200
0.156,0.533
0.513,0.792
0.811,0.953
0.987,0.982
1.022,0.880
0.919,0.665
0.665,0.342
0.347,0.000
0.000,0.000
0.000,0.000
0.000,0.000
0.000,0.000
0.000,0.000
0.000,0.000
0.000,0.000
0.000,0.000
0.000,0.332
0.288,0.640
0.640,0.870
0.894,0.982
1.022,0.958
1.007,0.806
0.846,0.543
0.557,0.215
0.191,0.000
0.000,0.000
0.000,0.000
0.000,0.000
0.000,0.000
0.000,0.000
0.000,0.000
0.000,0.000
0.000,0.117
0.064,0.455
0.435,0.753
0.753,0.929
0.958,0.992
1.031,0.919
0.958,0.728
0.748,0.420
0.430,0.088
0.059,0.000
0.000,0.000
0.000,0.000
0.000,0.000
0.000,0.000
0.000,0.000
0.000,0.000
0.000,0.000
0.000,0.249
0.249,0.567
0.562,0.831
0.850,0.968
1.002,0.978
1.026,0.855
0.899,0.616
0.645,0.293
0.298,0.000
0.000,0.000
0.000,0.000
0.000,0.000
0.000,0.000
0.000,0.000
0.000,0.000
0.000,0.000
0.000,0.029
0.000,0.371
0.347,0.679
0.689,0.894
0.924,0.987
1.031,0.943
0.987,0.777
0.811,0.503
0.513,0.166
0.147,0.000
0.000,0.000
0.000,0.000
0.000,0.000
0.000,0.000
0.000,0.000
0.000,0.000
0.000,0.000
0.000,0.166
0.108,0.499
0.484,0.772
0.787,0.943
0.982,0.982
1.031,0.894
0.943,0.689
0.714,0.376
0.391,0.059
0.000,0.000
0.000,0.000
0.000,0.000
0.000,0.000
0.000,0.000
0.000,0.000
0.000,0.000
0.000,0.000
0.000,0.293
0.239,0.611
0.611,0.850
0.880,0.978
1.017,0.968
0.982,0.831
0.870,0.577
0.621,0.249
0.249,0.000
0.000,0.000
0.000,0.000
0.000,0.000
0.000,0.000
0.000,0.000
0.000,0.000
0.000,0.000
0.000,0.078
0.015,0.425
0.406,0.684
0.718,0.909
0.943,0.982
1.031,0.934
0.973,0.762
0.777,0.455
0.479,0.093
0.098,0.000
0.000,0.000
0.000,0.000
0.000,0.000
0.000,0.000
0.000,0.000
0.000,0.000
0.000,0.000
0.000,0.210
0.161,0.543
0.528,0.802
0.816,0.953
0.992,0.982
1.026,0.875
0.914,0.650
0.670,0.337
0.293,0.000
0.000,0.000
0.000,0.000
0.000,0.000
0.000,0.000
0.000,0.000
0.000,0.000
0.000,0.000
0.000,0.000
0.000,0.342
0.303,0.650
0.645,0.890
0.899,0.987
1.022,0.987
0.997,0.802
0.841,0.533
0.557,0.196
0.200,0.000
0.000,0.000
0.000,0.000
0.000,0.000
0.000,0.000
0.000,0.000
0.000,0.000
0.000,0.000
0.000,0.122
0.044,0.469
0.445,0.748
0.758,0.929
0.963,0.987
1.031,0.914
0.958,0.714
0.826,0.420
0.425,0.054
0.044,0.000
0.000,0.000
0.000,0.000
0.000,0.000
0.000,0.000
0.000,0.000
0.000,0.000
0.000,0.000
0.000,0.235
0.220,0.577
0.635,0.826
0.846,0.992
1.007,0.978
1.022,0.860
0.890,0.611
0.640,0.298
0.288,0.000
0.000,0.000
0.000,0.000
0.000,0.000
0.000,0.000
0.000,0.000
0.000,0.000
0.000,0.000
0.000,0.039
0.000,0.396
0.357,0.670
0.684,0.894
0.924,0.968
1.022,0.943
0.982,0.723
0.806,0.494
0.508,0.147
0.098,0.000
0.000,0.000
0.000,0.000
0.000,0.000
0.000,0.000
0.000,0.000
0.000,0.000
0.000,0.000
0.000,0.200
0.117,0.518
0.479,0.777
0.787,0.943
0.982,0.982
1.017,0.894
0.938,0.670
0.704,0.371
0.381,0.005
0.000,0.000
0.000,0.000
0.000,0.000
0.000,0.000
0.000,0.000
0.000,0.000
0.000,0.000
0.000,0.000
0.000,0.303
0.259,0.621
0.616,0.855
0.860,0.978
1.017,0.968
1.007,0.821
0.850,0.567
0.591,0.239
0.239,0.000
0.000,0.000
0.000,0.000
0.000,0.000
0.000,0.000
0.000,0.000
0.000,0.000
0.000,0.000
0.000,0.186
0.005,0.464
0.406,0.723
0.728,0.909
0.943,0.982
1.041,0.929
0.973,0.738
0.762,0.450
0.464,0.108
0.088,0.000
0.000,0.000
0.000,0.000
0.000,0.000
0.000,0.000
0.000,0.000
0.000,0.000
0.000,0.000
0.000,0.220
0.176,0.538
0.533,0.811
0.850,0.958
0.992,0.982
1.026,0.870
0.909,0.630
0.665,0.323
0.327,0.000
0.000,0.000
0.000,0.000
0.000,0.000
0.000,0.000
0.000,0.000
0.000,0.000
0.000,0.000
0.000,0.000
0.000,0.347
0.318,0.621
0.655,0.880
0.904,0.982
1.022,0.953
0.997,0.797
0.826,0.508
0.552,0.191
0.181,0.000
0.000,0.000
0.000,0.000
0.000,0.000
0.000,0.000
0.000,0.000
0.000,0.000
0.000,0.000
0.000,0.137
0.068,0.474
0.455,0.758
0.767,0.934
0.963,0.987
1.031,0.909
0.978,0.704
0.738,0.415
0.415,0.054
0.068,0.000
0.000,0.000
0.000,0.000
0.000,0.000
0.000,0.000
0.000,0.000
0.000,0.000
0.000,0.000
0.000,0.264
0.220,0.587
0.582,0.836
0.860,0.973
1.007,0.968
1.017,0.846
0.885,0.606
0.621,0.249
0.274,0.000
0.000,0.000
0.000,0.000
0.000,0.000
0.000,0.000
0.000,0.000
0.000,0.000
0.000,0.000
0.000,0.024
0.000,0.396
0.367,0.694
0.689,0.914
0.929,0.987
1.002,0.958
0.978,0.758
0.797,0.484
0.503,0.142
0.132,0.000
0.000,0.000
0.000,0.000
0.000,0.000
0.000,0.000
0.000,0.000
0.000,0.000
0.000,0.000
0.000,0.181
0.132,0.523
0.503,0.782
0.797,0.948
0.982,0.982
1.031,0.890
0.929,0.670
0.674,0.362
0.371,0.000
0.000,0.000
0.000,0.000
0.000,0.000
0.000,0.000
0.000,0.000
0.000,0.000
0.000,0.000
0.000,0.000
0.000,0.313
0.279,0.630
0.621,0.894
0.885,0.978
1.017,0.982
1.007,0.816
0.855,0.562
0.582,0.230
0.254,0.000
0.000,0.000
0.000,0.000
0.000,0.000
0.000,0.000
0.000,0.000
0.000,0.000
0.000,0.000
0.000,0.103
0.039,0.440
0.415,0.728
0.743,0.919
0.948,0.987
1.031,0.924
0.968,0.709
0.762,0.440
0.440,0.093
0.073,0.000
0.000,0.000
0.000,0.000
0.000,0.000
0.000,0.000
0.000,0.000
0.000,0.000
0.000,0.000
0.000,0.230
0.186,0.518
0.547,0.811
0.831,0.963
1.002,0.978
1.007,0.865
0.899,0.630
0.611,0.313
0.313,0.000
0.000,0.000
0.000,0.000
0.000,0.000
0.000,0.000
0.000,0.000
0.000,0.000
0.000,0.000
0.000,0.015
0.000,0.357
0.327,0.684
0.670,0.880
0.894,0.982
1.026,0.953
1.002,0.787
0.826,0.518
0.528,0.181
0.156,0.000
0.000,0.000
0.000,0.000
0.000,0.000
0.000,0.000
0.000,0.000
0.000,0.000
0.000,0.000
0.000,0.152
0.093,0.489
0.464,0.758
0.787,0.953
0.978,0.987
1.002,0.904
0.943,0.694
0.723,0.396
0.401,0.044
0.024,0.000
0.000,0.000
0.000,0.000
0.000,0.000
0.000,0.000
0.000,0.000
0.000,0.000
0.000,0.000
0.000,0.283
0.239,0.596
0.587,0.841
0.880,0.963
1.012,0.973
1.017,0.841
0.880,0.596
0.587,0.264
0.259,0.000
0.000,0.000
0.000,0.000
0.000,0.000
0.000,0.000
0.000,0.000
0.000,0.000
0.000,0.000
0.000,0.064
0.000,0.406
0.381,0.699
0.704,0.904
0.938,0.992
1.031,0.938
0.978,0.753
0.787,0.479
0.489,0.093
0.117,0.000
0.000,0.000
0.000,0.000
0.000,0.000
0.000,0.000
0.000,0.000
0.000,0.000
0.000,0.000
0.000,0.196
0.132,0.528
0.513,0.797
0.806,0.953
0.992,0.982
1.026,0.885
0.919,0.728
0.689,0.347
0.337,0.000
0.000,0.000
0.000,0.000
0.000,0.000
0.000,0.000
0.000,0.000
0.000,0.000
0.000,0.000
0.000,0.000
0.000,0.327
0.288,0.635
0.640,0.865
0.890,0.978
1.022,0.953
1.002,0.811
0.846,0.552
0.562,0.220
0.210,0.000
0.000,0.000
0.000,0.000
0.000,0.000
0.000,0.000
0.000,0.000
0.000,0.000
0.000,0.000
0.000,0.117
0.039,0.464
0.425,0.738
0.694,0.924
0.958,0.992
1.017,0.919
0.963,0.743
0.772,0.435
0.440,0.083
0.044,0.000
0.000,0.000
delay,correlation
highshift: -0.0050
highr: 0.9979
1.026,0.855
0.885,0.611
0.630,0.288
0.283,0.000
0.000,0.000
0.000,0.000
0.000,0.000
0.000,0.000
0.000,0.000
0.000,0.000
0.000,0.000
0.000,0.039
0.000,0.381
0.352,0.684
0.684,0.894
0.924,0.987
1.031,0.943
0.982,0.743
0.806,0.499
0.508,0.147
0.142,0.000
0.000,0.000
0.000,0.000
0.000,0.000
0.000,0.000
0.000,0.000
0.000,0.000
0.000,0.000
0.000,0.171
0.122,0.508
0.479,0.777
0.792,0.943
0.978,0.973
1.031,0.890
0.934,0.679
0.718,0.371
0.371,0.020
0.000,0.000
0.000,0.000
0.000,0.000
0.000,0.000
0.000,0.000
0.000,0.000
0.000,0.000
0.000,0.000
0.000,0.298
0.244,0.616
0.616,0.850
0.880,0.973
1.017,0.963
0.968,0.826
0.865,0.572
0.591,0.239
0.239,0.000
0.000,0.000
0.000,0.000
0.000,0.000
0.000,0.000
0.000,0.000
0.000,0.000
0.000,0.000
0.000,0.088
0.000,0.425
0.406,0.714
0.709,0.914
0.948,0.987
1.051,0.885
0.973,0.738
0.772,0.445
0.464,0.108
0.093,0.000
0.000,0.000
0.000,0.000
0.000,0.000
0.000,0.000
0.000,0.000
0.000,0.000
0.000,0.000
0.000,0.215
0.166,0.547
0.543,0.806
0.846,0.963
0.992,0.982
1.061,0.870
0.914,0.645
0.670,0.298
0.327,0.000
0.000,0.000
0.000,0.000
0.000,0.000
0.000,0.000
0.000,0.000
0.000,0.000
0.000,0.000
0.000,0.024
0.000,0.347
0.337,0.655
0.660,0.865
0.880,0.987
1.022,0.953
1.022,0.802
0.836,0.533
0.552,0.152
0.191,0.000
0.000,0.000
0.000,0.000
0.000,0.000
0.000,0.000
0.000,0.000
0.000,0.000
0.000,0.000
0.000,0.132
0.073,0.474
0.450,0.753
0.758,0.938
0.963,0.992
1.026,0.914
0.953,0.714
0.738,0.401
0.420,0.059
0.039,0.000
0.000,0.000
0.000,0.000
0.000,0.000
0.000,0.000
0.000,0.000
0.000,0.000
0.000,0.000
0.000,0.264
0.220,0.577
0.572,0.821
0.865,0.973
1.007,0.973
1.007,0.846
0.885,0.606
0.630,0.279
0.279,0.000
0.000,0.000
0.000,0.000
0.000,0.000
0.000,0.000
0.000,0.000
0.000,0.000
0.000,0.000
0.000,0.049
0.000,0.391
0.371,0.689
0.694,0.899
0.929,0.992
1.022,0.938
0.987,0.767
0.802,0.494
0.508,0.152
0.127,0.000
0.000,0.000
0.000,0.000
0.000,0.000
0.000,0.000
0.000,0.000
0.000,0.000
0.000,0.000
0.000,0.186
0.127,0.508
0.494,0.782
0.797,0.943
0.978,0.982
1.022,0.885
0.934,0.674
0.699,0.362
0.381,0.010
0.000,0.000
0.000,0.000
0.000,0.000
0.000,0.000
0.000,0.000
0.000,0.000
0.000,0.000
0.000,0.000
0.000,0.308
0.288,0.611
0.621,0.860
0.890,1.012
1.022,0.968
1.012,0.865
0.855,0.567
0.591,0.235
0.230,0.000
0.000,0.000
0.000,0.000
0.000,0.000
0.000,0.000
0.000,0.000
0.000,0.000
0.000,0.000
0.000,0.093
0.059,0.435
0.411,0.723
0.733,0.919
0.948,0.987
1.031,0.929
0.968,0.733
0.767,0.469
0.464,0.098
0.083,0.000
0.000,0.000
0.000,0.000
0.000,0.000
0.000,0.000
0.000,0.000
0.000,0.000
0.000,0.000
0.000,0.225
0.171,0.547
0.557,0.806
0.826,0.953
0.997,0.982
1.026,0.875
0.909,0.635
0.655,0.323
0.318,0.000
0.000,0.000
0.000,0.000
0.000,0.000
0.000,0.000
0.000,0.000
0.000,0.000
0.000,0.000
0.000,0.010
0.000,0.357
0.347,0.660
0.660,0.875
0.909,0.982
1.026,0.953
0.997,0.792
0.826,0.523
0.538,0.181
0.181,0.000
0.000,0.000
0.000,0.000
0.000,0.000
0.000,0.000
0.000,0.000
0.000,0.000
0.000,0.000
0.000,0.142
0.117,0.474
0.455,0.748
0.753,0.934
0.973,0.987
1.026,0.909
0.948,0.709
0.753,0.406
0.411,0.054
0.029,0.000
0.000,0.000
0.000,0.000
0.000,0.000
0.000,0.000
0.000,0.000
0.000,0.000
0.000,0.000
0.000,0.269
0.230,0.591
0.587,0.846
0.855,0.973
1.012,0.978
1.017,0.841
0.880,0.587
0.621,0.274
0.259,0.000
0.000,0.000
0.000,0.000
0.000,0.000
0.000,0.000
0.000,0.000
0.000,0.000
0.000,0.000
0.000,0.059
0.000,0.401
0.371,0.694
0.728,0.904
0.934,0.987
1.022,0.938
0.982,0.762
0.797,0.479
0.503,0.132
0.127,0.000
0.000,0.000
0.000,0.000
0.000,0.000
0.000,0.000
0.000,0.000
0.000,0.000
0.000,0.000
0.000,0.191
0.132,0.523
0.513,0.787
0.802,0.943
1.002,0.982
1.031,0.865
0.924,0.665
0.694,0.352
0.362,0.000
0.000,0.000
0.000,0.000
0.000,0.000
0.000,0.000
0.000,0.000
0.000,0.000
0.000,0.000
0.000,0.000
0.000,0.318
0.279,0.630
0.626,0.855
0.885,0.978
1.056,0.953
1.007,0.811
0.850,0.557
0.577,0.225
0.220,0.000
0.000,0.000
0.000,0.000
0.000,0.000
0.000,0.000
0.000,0.000
0.000,0.000
0.000,0.000
0.000,0.088
0.039,0.430
0.401,0.728
0.738,0.924
0.953,0.987
1.031,0.919
0.982,0.728
0.762,0.440
0.440,0.088
0.073,0.000
0.000,0.000
0.000,0.000
0.000,0.000
0.000,0.000
0.000,0.000
0.000,0.000
0.000,0.000
0.000,0.235
0.200,0.567
0.552,0.816
0.850,0.963
1.002,0.982
1.036,0.865
0.904,0.655
0.650,0.313
0.308,0.000
0.000,0.000
0.000,0.000
0.000,0.000
0.000,0.000
0.000,0.000
0.000,0.000
0.000,0.000
0.000,0.073
0.000,0.362
0.430,0.665
0.670,0.924
0.919,0.987
1.026,0.938
0.997,0.787
0.826,0.503
0.533,0.186
0.181,0.000
0.000,0.000
0.000,0.000
0.000,0.000
0.000,0.000
0.000,0.000
0.000,0.000
0.000,0.000
0.000,0.152
0.093,0.489
0.464,0.762
0.772,0.938
0.973,0.987
1.031,0.899
0.943,0.694
0.723,0.396
0.401,0.010
0.020,0.000
0.000,0.000
0.000,0.000
0.000,0.000
0.000,0.000
0.000,0.000
0.000,0.000
0.000,0.000
0.000,0.279
0.274,0.601
0.596,0.846
0.890,0.978
1.012,0.968
1.017,0.836
0.875,0.587
0.611,0.264
0.239,0.000
0.000,0.000
0.000,0.000
0.000,0.000
0.000,0.000
0.000,0.000
0.000,0.000
0.000,0.000
0.000,0.064
0.005,0.411
0.381,0.699
0.709,0.904
0.934,0.987
1.031,0.938
0.968,0.753
0.787,0.479
0.489,0.127
0.112,0.000
0.000,0.000
0.000,0.000
0.000,0.000
0.000,0.000
0.000,0.000
0.000,0.000
0.000,0.000
0.000,0.200
0.161,0.528
0.518,0.787
0.811,0.953
0.992,0.997
1.031,0.880
0.909,0.660
0.684,0.352
0.332,0.000
0.000,0.000
0.000,0.000
0.000,0.000
0.000,0.000
0.000,0.000
0.000,0.000
0.000,0.000
0.000,0.000
0.000,0.332
0.288,0.640
0.635,0.899
0.894,0.987
1.022,0.958
1.002,0.811
0.841,0.547
0.567,0.215
0.264,0.000
0.000,0.000
0.000,0.000
0.000,0.000
0.000,0.000
0.000,0.000
0.000,0.000
0.000,0.000
0.000,0.117
0.054,0.479
0.430,0.738
0.748,0.924
0.958,0.992
1.031,0.919
0.953,0.723
0.753,0.435
0.420,0.068
0.064,0.000
0.000,0.000
0.000,0.000
0.000,0.000
0.000,0.000
0.000,0.000
0.000,0.000
0.000,0.000
0.000,0.239
0.196,0.562
0.557,0.767
0.841,0.963
0.987,0.978
1.022,0.855
0.875,0.621
0.640,0.298
0.293,0.000
0.000,0.000
0.000,0.000
0.000,0.000
0.000,0.000
0.000,0.000
0.000,0.000
0.000,0.000
0.000,0.024
0.000,0.347
0.342,0.660
0.679,0.885
0.919,0.953
1.026,0.948
0.978,0.787
0.811,0.508
0.513,0.166
0.156,0.000
0.000,0.000
0.000,0.000
0.000,0.000
0.000,0.000
0.000,0.000
0.000,0.000
0.000,0.000
0.000,0.196
0.108,0.499
0.474,0.762
0.782,0.943
0.978,0.987
1.036,0.899
0.934,0.723
0.714,0.381
0.411,0.034
0.010,0.000
0.000,0.000
0.000,0.000
0.000,0.000
0.000,0.000
0.000,0.000
0.000,0.000
0.000,0.000
0.000,0.279
0.254,0.596
0.606,0.846
0.865,0.973
1.017,0.963
1.012,0.831
0.870,0.577
0.601,0.254
0.249,0.000
0.000,0.000
0.000,0.000
0.000,0.000
0.000,0.000
0.000,0.000
0.000,0.000
0.000,0.000
0.000,0.073
0.039,0.420
0.386,0.714
0.718,0.909
0.943,0.963
1.036,0.929
0.968,0.753
0.782,0.464
0.523,0.117
0.103,0.000
0.000,0.000
0.000,0.000
0.000,0.000
0.000,0.000
0.000,0.000
0.000,0.000
0.000,0.000
0.000,0.200
0.161,0.538
0.523,0.802
0.816,0.958
0.992,1.007
1.026,0.880
0.909,0.650
0.674,0.342
0.386,0.000
0.000,0.000
0.000,0.000
0.000,0.000
0.000,0.000
0.000,0.000
0.000,0.000
0.000,0.000
0.000,0.000
0.000,0.337
0.298,0.655
0.645,0.870
0.904,0.978
1.017,0.963
1.002,0.802
0.836,0.538
0.547,0.220
0.196,0.000
0.000,0.000
0.000,0.000
0.000,0.000
0.000,0.000
0.000,0.000
0.000,0.000
0.000,0.000
0.000,0.122
0.064,0.464
0.440,0.777
0.758,0.929
0.968,0.987
1.036,0.914
0.958,0.709
0.743,0.415
0.425,0.059
0.049,0.000
0.000,0.000
0.000,0.000
0.000,0.000
0.000,0.000
0.000,0.000
0.000,0.000
0.000,0.000
0.000,0.249
0.220,0.582
0.572,0.826
0.846,0.968
1.007,0.982
1.022,0.850
0.875,0.611
0.635,0.288
0.274,0.000
0.000,0.000
0.000,0.000
0.000,0.000
0.000,0.000
0.000,0.000
0.000,0.000
0.000,0.000
0.000,0.034
0.000,0.386
0.357,0.684
0.665,0.890
0.924,0.987
1.075,0.943
0.987,0.767
0.806,0.494
0.513,0.147
0.132,0.000
0.000,0.000
0.000,0.000
0.000,0.000
0.000,0.000
0.000,0.000
0.000,0.000
0.000,0.000
0.000,0.171
0.117,0.533
0.489,0.777
0.792,0.973
0.982,0.978
1.012,0.880
0.934,0.679
0.699,0.371
0.376,0.010
0.000,0.000
0.000,0.000
0.000,0.000
0.000,0.000
0.000,0.000
0.000,0.000
0.000,0.000
0.000,0.000
0.000,0.298
0.254,0.616
0.621,0.855
0.875,0.978
1.017,0.953
1.012,0.816
0.860,0.557
0.591,0.244
0.239,0.000
0.000,0.000
0.000,0.000
0.000,0.000
0.000,0.000
0.000,0.000
0.000,0.000
0.000,0.000
0.000,0.078
0.044,0.430
0.401,0.689
0.733,0.914
0.948,0.982
1.031,0.924
0.968,0.738
0.777,0.455
0.464,0.108
0.088,0.000
0.000,0.000
0.000,0.000
0.000,0.000
0.000,0.000
0.000,0.000
0.000,0.000
0.000,0.000
0.000,0.220
0.166,0.547
0.538,0.806
0.841,0.958
0.997,0.973
1.046,0.870
0.904,0.645
0.660,0.327
0.323,0.000
0.000,0.000
0.000,0.000
0.000,0.000
0.000,0.000
0.000,0.000
0.000,0.000
0.000,0.000
0.000,0.000
0.000,0.352
0.313,0.650
0.655,0.875
0.909,0.978
1.022,0.948
0.997,0.797
0.841,0.533
0.547,0.196
0.176,0.000
0.000,0.000
0.000,0.000
0.000,0.000
0.000,0.000
0.000,0.000
0.000,0.000
0.000,0.000
0.000,0.117
0.078,0.469
0.450,0.743
0.762,0.914
0.968,0.987
1.031,0.909
0.953,0.709
0.743,0.391
0.420,0.054
0.034,0.000
0.000,0.000
0.000,0.000
0.000,0.000
0.000,0.000
0.000,0.000
0.000,0.000
0.000,0.000
0.000,0.264
0.220,0.582
0.587,0.831
0.855,0.968
1.012,0.973
1.017,0.850
0.885,0.606
0.626,0.279
0.269,0.000
0.000,0.000
0.000,0.000
0.000,0.000
0.000,0.000
0.000,0.000
0.000,0.000
0.000,0.000
0.000,0.049
0.000,0.396
0.362,0.689
0.694,0.894
0.929,0.987
1.031,0.938
0.987,0.772
0.792,0.479
0.503,0.147
0.132,0.000
0.000,0.000
0.000,0.000
0.000,0.000
0.000,0.000
0.000,0.000
0.000,0.000
0.000,0.000
0.000,0.181
0.132,0.538
0.499,0.777
0.802,0.948
0.978,0.982
1.026,0.885
0.929,0.670
0.699,0.357
0.381,0.010
0.000,0.000
