0.000,0.846
0.000,0.772
0.000,0.777
0.000,0.758
0.000,0.738
0.000,0.826
0.039,0.865
0.415,0.899
0.738,0.958
0.963,0.938
1.041,0.958
0.973,0.973
0.767,0.938
0.455,0.953
0.073,0.934
0.000,0.885
0.000,0.880
0.000,0.811
0.000,0.762
0.000,0.777
0.000,0.743
0.000,0.767
0.000,0.846
0.186,0.865
0.547,0.924
0.836,0.958
1.012,0.948
1.026,0.978
0.938,0.963
0.660,0.929
0.347,0.938
0.000,0.899
0.000,0.875
0.000,0.865
0.000,0.787
0.000,0.767
0.000,0.772
0.000,0.738
0.000,0.811
0.000,0.860
0.288,0.880
0.670,0.938
0.943,0.943
1.036,0.948
1.002,0.978
0.831,0.948
0.538,0.943
0.176,0.943
0.000,0.890
0.000,0.875
0.000,0.831
0.000,0.767
0.000,0.777
0.000,0.758
0.000,0.748
0.000,0.836
0.093,0.865
0.469,0.909
0.777,0.963
0.978,0.943
1.065,0.968
0.953,0.973
0.733,0.929
0.411,0.948
0.029,0.919
0.000,0.875
0.000,0.875
0.000,0.797
0.000,0.767
0.000,0.772
0.000,0.743
0.000,0.782
0.000,0.850
0.235,0.870
0.587,0.929
0.865,0.948
1.012,0.943
1.026,0.982
0.890,0.958
0.621,0.934
0.288,0.943
0.000,0.894
0.000,0.880
0.000,0.860
0.000,0.782
0.000,0.777
0.000,0.762
0.000,0.738
0.000,0.821
0.000,0.855
0.376,0.885
0.699,0.938
0.934,0.934
1.036,0.953
0.987,0.973
0.797,0.934
0.494,0.938
0.122,0.924
0.000,0.880
0.000,0.880
0.000,0.816
0.000,0.767
0.000,0.777
0.000,0.748
0.000,0.758
0.000,0.841
0.142,0.860
0.533,0.919
0.806,0.958
0.992,0.938
1.036,0.973
0.924,0.963
0.694,0.929
0.362,0.943
0.000,0.904
0.000,0.870
0.000,0.870
0.000,0.792
0.000,0.767
0.000,0.772
0.000,0.738
0.000,0.802
0.000,0.855
0.283,0.880
0.621,0.934
0.894,0.943
1.031,0.943
1.012,0.978
0.850,0.948
0.577,0.938
0.215,0.948
0.000,0.890
0.000,0.875
0.000,0.841
0.000,0.772
0.000,0.777
0.000,0.758
0.000,0.743
0.000,0.826
0.044,0.860
0.489,0.904
0.748,0.948
0.958,0.938
1.041,0.958
0.968,0.968
0.762,0.934
0.445,0.953
0.073,0.929
0.000,0.885
0.000,0.880
0.000,0.806
0.000,0.767
0.000,0.772
0.000,0.743
0.000,0.767
0.000,0.846
0.191,0.865
0.552,0.929
0.826,0.953
1.007,0.948
1.031,0.978
0.909,0.958
0.655,0.938
0.318,0.943
0.000,0.894
0.000,0.875
0.000,0.865
0.000,0.782
0.000,0.772
0.000,0.762
0.000,0.738
0.000,0.811
0.000,0.860
0.327,0.885
0.670,0.934
0.919,0.934
1.036,0.953
1.007,0.978
0.821,0.943
0.538,0.948
0.166,0.938
0.000,0.885
0.000,0.880
0.000,0.826
0.000,0.767
0.000,0.777
0.000,0.753
0.000,0.748
0.000,0.831
0.093,0.860
0.469,0.914
0.782,0.948
0.978,0.938
1.041,0.963
0.948,0.958
0.723,0.929
0.401,0.938
0.015,0.904
0.000,0.870
0.000,0.875
0.000,0.792
0.000,0.767
0.000,0.772
0.000,0.738
0.000,0.782
0.000,0.836
0.235,0.870
0.606,0.929
0.870,0.943
1.002,0.943
1.017,0.982
0.904,0.953
0.611,0.934
0.298,0.938
0.000,0.890
0.000,0.880
0.000,0.850
0.000,0.777
0.000,0.777
0.000,0.762
0.000,0.738
0.000,0.821
0.000,0.855
0.371,0.890
0.714,0.938
0.934,0.938
1.036,0.953
0.982,0.973
0.797,0.934
0.489,0.943
0.112,0.929
0.000,0.880
0.000,0.880
0.000,0.811
0.000,0.767
0.000,0.777
0.000,0.743
0.000,0.762
0.000,0.836
0.147,0.860
0.508,0.919
0.816,0.958
0.987,0.943
1.105,0.973
0.929,0.963
0.689,0.919
0.352,0.938
0.000,0.899
0.000,0.875
0.000,0.870
0.000,0.787
0.000,0.772
0.000,0.767
0.000,0.738
0.000,0.806
0.000,0.855
0.293,0.880
0.640,0.938
0.885,0.938
1.026,0.948
1.017,0.978
0.850,0.948
0.572,0.943
0.210,0.943
0.000,0.890
0.000,0.885
0.000,0.836
0.000,0.772
0.000,0.777
0.000,0.758
0.000,0.743
0.000,0.821
0.049,0.860
0.425,0.909
0.753,0.953
0.987,0.938
1.046,0.963
0.968,0.968
0.753,0.924
0.440,0.943
0.064,0.924
0.000,0.880
0.000,0.880
0.000,0.802
0.000,0.767
0.000,0.772
0.000,0.738
0.000,0.772
0.000,0.846
0.196,0.865
0.591,0.934
0.846,0.953
1.012,0.948
1.031,0.982
0.914,0.958
0.655,0.934
0.323,0.938
0.000,0.894
0.000,0.875
0.000,0.860
0.000,0.782
0.000,0.777
0.000,0.762
0.000,0.738
0.000,0.816
0.000,0.850
0.342,0.890
0.689,0.938
0.919,0.929
1.036,0.948
0.997,0.973
0.816,0.943
0.523,0.948
0.166,0.938
0.000,0.885
0.000,0.880
0.000,0.821
0.000,0.767
0.000,0.777
0.000,0.748
0.000,0.753
0.000,0.836
0.098,0.860
0.479,0.919
0.782,0.948
0.978,0.934
1.031,0.968
0.948,0.963
0.723,0.924
0.430,0.948
0.010,0.904
0.000,0.875
0.000,0.870
0.000,0.792
0.000,0.772
0.000,0.772
0.000,0.738
0.000,0.792
0.000,0.850
0.249,0.875
0.601,0.929
0.875,0.938
1.022,0.943
1.017,0.978
0.875,0.948
0.611,0.934
0.254,0.938
0.000,0.890
0.000,0.880
0.000,0.846
0.000,0.777
0.000,0.777
0.000,0.758
0.000,0.743
0.000,0.821
0.015,0.850
0.396,0.890
0.718,0.938
0.953,0.929
1.036,0.953
0.982,0.968
0.782,0.929
0.479,0.943
0.108,0.929
0.000,0.880
0.000,0.880
0.000,0.811
0.000,0.767
0.000,0.772
0.000,0.743
0.000,0.767
0.000,0.841
0.156,0.860
0.528,0.924
0.821,0.953
0.997,0.948
1.036,0.978
0.924,0.963
0.674,0.934
0.347,0.943
0.000,0.894
0.000,0.875
0.000,0.865
0.000,0.787
0.000,0.777
0.000,0.767
0.000,0.743
0.000,0.806
0.000,0.850
0.298,0.880
0.621,0.938
0.899,0.938
1.031,0.953
1.007,0.978
0.787,0.943
0.562,0.948
0.200,0.943
0.000,0.890
0.000,0.885
0.000,0.831
0.000,0.772
0.000,0.777
0.000,0.753
0.000,0.748
0.000,0.831
0.059,0.855
0.440,0.914
0.753,0.948
0.963,0.934
1.041,0.963
0.963,0.963
0.753,0.929
0.376,0.948
0.054,0.919
0.000,0.880
0.000,0.880
0.000,0.797
0.000,0.767
0.000,0.772
0.000,0.738
0.000,0.777
0.000,0.846
0.205,0.865
0.567,0.934
0.850,0.948
1.012,0.948
1.026,0.982
0.899,0.953
0.645,0.938
0.298,0.938
0.000,0.890
0.000,0.880
0.000,0.860
0.000,0.782
0.000,0.777
0.000,0.762
0.000,0.738
0.000,0.816
0.000,0.850
0.342,0.885
0.635,0.938
0.924,0.934
1.031,0.953
0.992,0.973
0.816,0.938
0.523,0.948
0.127,0.934
0.000,0.885
0.000,0.880
0.000,0.821
0.000,0.767
0.000,0.777
0.000,0.743
0.000,0.753
0.000,0.836
0.103,0.855
0.469,0.919
0.787,0.948
0.982,0.934
1.036,0.968
0.929,0.958
0.714,0.929
0.391,0.943
0.010,0.899
0.000,0.875
0.000,0.870
0.000,0.787
0.000,0.772
0.000,0.767
0.000,0.738
0.000,0.802
0.000,0.846
0.259,0.875
0.606,0.934
0.870,0.938
1.022,0.948
1.022,0.978
0.870,0.948
0.606,0.934
0.249,0.938
0.000,0.890
0.000,0.885
0.000,0.846
0.000,0.777
0.000,0.782
0.000,0.758
0.000,0.743
0.000,0.826
0.015,0.850
0.396,0.894
0.718,0.938
0.948,0.929
1.036,0.958
0.978,0.968
0.782,0.929
0.479,0.953
0.098,0.924
0.000,0.885
0.000,0.885
0.000,0.806
0.000,0.772
0.000,0.772
0.000,0.743
0.000,0.767
0.000,0.841
0.161,0.860
0.528,0.929
0.821,0.953
0.997,0.948
1.031,0.978
0.924,0.958
0.650,0.934
0.342,0.943
0.000,0.894
0.000,0.880
0.000,0.865
0.000,0.787
0.000,0.777
0.000,0.762
0.000,0.738
0.000,0.811
0.000,0.850
0.308,0.885
0.645,0.938
0.929,0.934
1.022,0.953
1.007,0.978
0.846,0.943
0.557,0.953
0.205,0.938
0.000,0.890
0.000,0.885
0.000,0.831
0.000,0.772
0.000,0.777
0.000,0.748
0.000,0.753
0.000,0.831
0.064,0.860
0.415,0.914
0.758,0.948
0.973,0.934
1.041,0.968
0.982,0.963
0.743,0.934
0.406,0.948
0.049,0.919
0.000,0.885
0.000,0.880
0.000,0.797
0.000,0.772
0.000,0.772
0.000,0.738
0.000,0.782
0.000,0.841
0.215,0.880
0.572,0.943
0.850,0.953
1.007,0.953
1.026,0.982
0.899,0.953
0.640,0.934
0.288,0.938
0.000,0.890
0.000,0.885
0.000,0.855
0.000,0.782
0.000,0.782
0.000,0.762
0.000,0.743
0.000,0.821
0.000,0.850
0.352,0.890
0.689,0.938
0.929,0.929
1.036,0.958
0.992,0.973
0.816,0.938
0.518,0.953
0.147,0.929
0.000,0.890
0.000,0.885
0.000,0.816
0.000,0.772
0.000,0.777
0.000,0.743
0.000,0.758
0.000,0.836
0.122,0.860
0.489,0.924
0.792,0.943
0.978,0.938
1.061,0.973
0.943,0.948
0.714,0.929
0.376,0.943
0.044,0.894
0.000,0.875
0.000,0.870
0.000,0.787
0.000,0.772
0.000,0.767
0.000,0.738
0.000,0.802
0.000,0.855
0.269,0.880
0.587,0.938
0.885,0.934
0.997,0.953
1.017,0.978
0.870,0.948
0.601,0.938
0.244,0.934
0.000,0.885
0.000,0.880
0.000,0.836
0.000,0.772
0.000,0.782
0.000,0.753
0.000,0.748
0.000,0.826
0.020,0.850
0.411,0.904
0.728,0.938
0.890,0.929
1.041,0.963
0.992,0.963
0.777,0.938
0.499,0.958
0.088,0.924
0.000,0.885
0.000,0.885
0.000,0.802
0.000,0.772
0.000,0.772
0.000,0.738
0.000,0.772
0.000,0.841
0.166,0.865
0.538,0.934
0.826,0.948
1.002,0.948
1.026,0.982
0.919,0.953
0.674,0.938
0.332,0.943
0.000,0.890
0.000,0.880
0.000,0.865
0.000,0.782
0.000,0.782
0.000,0.762
0.000,0.738
0.000,0.816
0.000,0.865
0.313,0.890
0.660,0.938
0.909,0.929
1.031,0.958
1.002,0.978
0.836,0.943
0.552,0.953
0.191,0.938
0.000,0.890
0.000,0.885
0.000,0.826
0.000,0.772
0.000,0.782
0.000,0.748
0.000,0.753
0.000,0.831
0.068,0.855
0.450,0.919
0.767,0.953
0.968,0.938
1.036,0.973
0.963,0.963
0.738,0.929
0.396,0.948
0.044,0.914
0.000,0.890
0.000,0.880
0.000,0.797
0.000,0.777
0.000,0.772
0.000,0.738
0.000,0.787
0.000,0.841
0.220,0.870
0.572,0.938
0.860,0.948
1.017,0.953
1.007,0.982
0.890,0.948
0.630,0.938
0.283,0.938
0.000,0.894
0.000,0.890
0.000,0.850
0.000,0.782
0.000,0.782
0.000,0.758
0.000,0.743
0.000,0.826
0.000,0.846
0.362,0.894
0.694,0.938
0.924,0.929
1.031,0.963
0.924,0.973
0.806,0.938
0.582,0.958
0.142,0.929
0.000,0.885
0.000,0.885
0.000,0.811
0.000,0.777
0.000,0.777
0.000,0.743
0.000,0.762
0.000,0.836
0.122,0.860
0.499,0.929
0.792,0.943
1.012,0.943
1.036,0.978
0.934,0.958
0.704,0.938
0.450,0.948
0.000,0.899
0.000,0.880
0.000,0.870
0.000,0.787
0.000,0.777
0.000,0.762
0.000,0.738
0.000,0.802
0.000,0.846
0.264,0.870
0.621,0.934
0.890,0.934
1.022,0.953
1.012,0.978
0.909,0.943
0.591,0.943
0.235,0.938
0.000,0.890
0.000,0.885
0.000,0.836
0.000,0.777
0.000,0.782
0.000,0.748
0.000,0.748
0.000,0.826
0.029,0.846
0.411,0.899
0.738,0.943
0.953,0.929
1.036,0.968
0.973,0.963
0.767,0.938
0.459,0.958
0.083,0.924
0.000,0.890
0.000,0.885
0.000,0.802
0.000,0.772
0.000,0.772
0.000,0.738
0.000,0.782
0.000,0.836
0.142,0.865
0.543,0.934
0.831,0.948
1.002,0.953
1.026,0.978
0.914,0.953
0.670,0.938
0.327,0.938
0.000,0.890
0.000,0.885
0.000,0.860
0.000,0.787
0.000,0.782
0.000,0.758
0.000,0.743
0.000,0.816
0.000,0.846
0.293,0.890
0.660,0.938
0.904,0.929
1.031,0.958
0.978,0.973
0.836,0.943
0.547,0.958
0.186,0.934
0.000,0.890
0.000,0.885
0.000,0.821
0.000,0.777
0.000,0.777
0.000,0.743
0.000,0.758
0.000,0.831
0.078,0.855
0.455,0.924
0.772,0.948
0.968,0.938
1.036,0.978
0.953,0.963
0.738,0.934
0.415,0.943
0.034,0.914
0.000,0.885
0.000,0.875
0.000,0.792
0.000,0.777
0.000,0.767
0.000,0.738
0.000,0.792
0.000,0.841
0.230,0.875
0.582,0.943
0.855,0.943
1.017,0.953
1.022,0.982
0.890,0.948
0.626,0.943
0.274,0.934
0.000,0.890
0.000,0.890
0.000,0.850
0.000,0.782
0.000,0.782
0.000,0.753
0.000,0.748
0.000,0.821
0.000,0.846
0.367,0.894
0.704,0.938
0.934,0.929
1.031,0.963
0.987,0.963
0.802,0.938
0.503,0.953
0.127,0.929
0.000,0.885
0.000,0.885
0.000,0.806
0.000,0.777
0.000,0.777
0.000,0.738
0.000,0.767
0.000,0.831
0.132,0.860
0.503,0.929
0.806,0.948
0.992,0.948
1.031,0.978
0.934,0.953
0.694,0.938
0.371,0.943
0.000,0.894
0.000,0.880
0.000,0.865
0.000,0.787
0.000,0.782
0.000,0.762
0.000,0.733
0.000,0.806
0.000,0.846
0.279,0.885
0.630,0.938
0.894,0.934
1.026,0.958
1.017,0.978
0.860,0.943
0.587,0.948
0.225,0.929
0.000,0.890
0.000,0.885
0.000,0.831
0.000,0.777
0.000,0.782
0.000,0.748
0.000,0.753
0.000,0.826
0.039,0.855
0.420,0.919
0.738,0.943
0.943,0.934
1.041,0.973
0.973,0.963
0.767,0.938
0.455,0.958
0.073,0.924
0.000,0.890
0.000,0.885
0.000,0.797
0.000,0.777
0.000,0.772
0.000,0.738
0.000,0.782
0.000,0.841
0.186,0.870
0.552,0.938
0.836,0.943
1.007,0.953
1.041,0.982
0.909,0.953
0.665,0.943
0.313,0.938
0.000,0.890
0.000,0.885
0.000,0.855
0.000,0.782
0.000,0.782
0.000,0.758
0.000,0.743
0.000,0.816
0.000,0.846
0.327,0.890
0.670,0.938
0.919,0.929
1.056,0.958
1.002,0.973
0.831,0.943
0.543,0.958
0.166,0.929
0.000,0.894
0.000,0.890
0.000,0.816
0.000,0.777
0.000,0.777
0.000,0.743
0.000,0.758
0.000,0.831
0.083,0.855
0.464,0.929
0.772,0.948
0.978,0.938
1.041,0.973
1.022,0.958
0.733,0.934
0.411,0.948
0.024,0.904
0.000,0.885
0.000,0.875
0.000,0.787
0.000,0.782
0.000,0.762
0.000,0.738
0.000,0.792
0.000,0.841
0.230,0.875
0.591,0.934
0.865,0.929
1.012,0.953
1.022,0.978
0.885,0.943
0.621,0.943
0.264,0.934
0.000,0.890
0.000,0.890
0.000,0.846
0.000,0.782
0.000,0.782
0.000,0.748
0.000,0.748
0.000,0.826
0.000,0.846
0.371,0.899
0.714,0.934
0.938,0.929
1.075,0.968
0.987,0.963
0.802,0.938
0.494,0.953
0.103,0.919
0.000,0.890
0.000,0.885
0.000,0.802
0.000,0.777
0.000,0.772
0.000,0.738
0.000,0.772
0.000,0.831
0.137,0.860
0.503,0.934
0.811,0.943
1.007,0.943
1.036,0.978
0.929,0.953
0.694,0.938
0.362,0.938
0.000,0.890
0.000,0.885
0.000,0.865
0.000,0.787
0.000,0.782
0.000,0.758
0.000,0.738
0.000,0.811
0.000,0.841
0.303,0.890
0.630,0.934
0.890,0.929
1.026,0.958
1.012,0.973
0.855,0.938
0.655,0.958
0.215,0.938
0.000,0.890
0.000,0.890
0.000,0.826
0.000,0.782
0.000,0.782
0.000,0.743
0.000,0.753
0.000,0.826
0.039,0.855
0.430,0.924
0.743,0.953
0.958,0.938
1.036,0.973
0.973,0.958
0.767,0.938
0.435,0.953
0.073,0.914
0.000,0.890
0.000,0.880
0.000,0.797
0.000,0.777
0.000,0.767
0.000,0.738
0.000,0.787
0.000,0.836
0.191,0.870
0.552,0.938
0.846,0.943
1.002,0.958
1.031,0.978
0.914,0.948
0.655,0.943
0.308,0.938
0.000,0.890
0.000,0.890
0.000,0.855
0.000,0.782
0.000,0.787
0.000,0.753
0.000,0.743
0.000,0.816
0.000,0.846
0.337,0.894
0.670,0.934
0.924,0.929
1.031,0.963
0.997,0.968
0.821,0.938
0.547,0.958
0.152,0.929
0.000,0.890
0.000,0.885
0.000,0.811
0.000,0.777
0.000,0.777
0.000,0.743
0.000,0.762
0.000,0.826
0.093,0.855
0.469,0.929
0.777,0.948
0.978,0.938
1.036,0.978
0.948,0.953
0.743,0.938
0.396,0.943
0.000,0.894
0.000,0.885
0.000,0.870
0.000,0.787
0.000,0.782
0.000,0.762
0.000,0.738
0.000,0.797
0.000,0.836
0.244,0.880
0.596,0.934
0.875,0.929
1.017,0.953
1.031,0.978
0.880,0.943
0.611,0.948
0.259,0.929
0.000,0.890
0.000,0.890
0.000,0.841
0.000,0.782
0.000,0.782
0.000,0.748
0.000,0.748
0.000,0.821
0.000,0.846
0.391,0.904
0.714,0.934
0.938,0.929
1.036,0.968
0.982,0.963
0.797,0.934
0.484,0.953
0.132,0.914
0.000,0.890
0.000,0.880
0.000,0.802
0.000,0.777
0.000,0.772
0.000,0.738
0.000,0.777
0.000,0.831
0.127,0.860
0.523,0.934
0.811,0.958
1.002,0.953
1.031,0.978
0.929,0.948
0.694,0.943
0.352,0.938
0.000,0.890
0.000,0.890
0.000,0.855
0.000,0.787
0.000,0.787
0.000,0.758
0.000,0.743
0.000,0.811
0.000,0.841
0.288,0.890
0.640,0.938
0.899,0.929
1.026,0.958
1.012,0.973
0.846,0.938
0.567,0.958
0.215,0.934
0.000,0.890
0.000,0.890
0.000,0.821
0.000,0.782
0.000,0.777
0.000,0.743
0.000,0.758
0.000,0.826
0.049,0.855
0.430,0.929
0.748,0.943
0.963,0.938
1.046,0.973
0.968,0.958
0.743,0.943
0.435,0.953
0.064,0.919
0.000,0.894
0.000,0.880
0.000,0.792
0.000,0.782
0.000,0.767
0.000,0.738
0.000,0.787
0.000,0.836
0.196,0.870
0.562,0.938
0.841,0.938
1.007,0.958
1.031,0.978
0.885,0.948
0.650,0.948
0.308,0.934
0.000,0.890
0.000,0.894
0.000,0.850
0.000,0.787
0.000,0.787
0.000,0.748
0.000,0.748
0.000,0.816
0.000,0.841
0.337,0.894
0.679,0.934
0.943,0.929
1.036,0.968
1.031,0.963
0.816,0.943
0.523,0.958
0.156,0.924
0.000,0.890
0.000,0.885
0.000,0.811
0.000,0.782
0.000,0.777
0.000,0.738
0.000,0.767
0.000,0.826
0.098,0.855
0.479,0.929
0.782,0.938
0.978,0.938
1.036,0.978
0.943,0.948
0.723,0.938
0.415,0.948
0.010,0.894
0.000,0.890
0.000,0.865
0.000,0.787
0.000,0.782
0.000,0.758
0.000,0.738
0.000,0.797
0.000,0.831
0.249,0.880
0.611,0.934
0.875,0.929
1.026,0.958
1.022,0.973
0.885,0.943
0.587,0.953
0.249,0.929
0.000,0.890
0.000,0.894
0.000,0.841
0.000,0.787
0.000,0.782
0.000,0.748
0.000,0.753
0.000,0.821
0.010,0.841
0.386,0.909
0.718,0.929
0.953,0.934
1.041,0.968
0.982,0.958
0.777,0.943
0.484,0.953
0.108,0.914
0.000,0.890
0.000,0.880
0.000,0.797
0.000,0.782
0.000,0.767
0.000,0.738
0.000,0.777
0.000,0.826
0.078,0.865
0.518,0.938
0.806,0.938
0.997,0.958
1.046,0.982
0.924,0.948
0.679,0.943
0.337,0.938
0.000,0.890
0.000,0.890
0.000,0.855
0.000,0.787
0.000,0.787
0.000,0.753
0.000,0.748
0.000,0.811
0.000,0.841
0.303,0.894
0.645,0.934
0.899,0.929
1.026,0.968
1.017,0.968
0.841,0.943
0.567,0.963
0.230,0.929
0.000,0.894
0.000,0.890
0.000,0.821
0.000,0.782
0.000,0.777
0.000,0.743
0.000,0.758
0.000,0.821
0.054,0.855
0.401,0.924
0.753,0.938
0.929,0.938
1.036,0.973
0.953,0.953
0.753,0.938
0.440,0.953
0.059,0.909
0.000,0.894
0.000,0.880
0.000,0.792
0.000,0.787
0.000,0.762
0.000,0.738
0.000,0.792
0.000,0.831
0.225,0.875
0.567,0.938
0.846,0.938
1.007,0.963
1.026,0.978
0.899,0.943
0.645,0.953
0.293,0.934
0.000,0.890
0.000,0.894
0.000,0.846
0.000,0.787
0.000,0.787
0.000,0.748
0.000,0.748
0.000,0.821
0.000,0.841
0.352,0.899
0.684,0.929
0.924,0.929
1.031,0.968
0.992,0.958
0.821,0.943
0.518,0.958
0.176,0.919
0.000,0.894
0.000,0.885
0.000,0.806
0.000,0.782
0.000,0.772
0.000,0.738
0.000,0.767
0.000,0.826
0.108,0.860
0.479,0.929
0.792,0.934
0.978,0.948
1.036,0.973
0.948,0.948
0.718,0.943
0.396,0.938
0.005,0.890
0.000,0.890
0.000,0.855
0.000,0.787
0.000,0.787
0.000,0.758
0.000,0.743
0.000,0.797
0.000,0.836
0.254,0.885
0.606,0.934
0.875,0.929
1.022,0.958
1.022,0.973
0.865,0.943
0.601,0.953
0.244,0.924
0.000,0.890
0.000,0.894
0.000,0.831
0.000,0.787
0.000,0.777
0.000,0.743
0.000,0.758
0.000,0.821
0.020,0.841
0.396,0.904
0.723,0.929
0.948,0.929
1.041,0.973
0.987,0.958
0.782,0.934
0.425,0.953
0.098,0.914
0.000,0.894
0.000,0.880
0.000,0.797
0.000,0.787
0.000,0.767
0.000,0.738
0.000,0.782
0.000,0.826
0.156,0.865
0.528,0.934
0.826,0.938
0.968,0.953
1.031,0.978
0.919,0.948
0.674,0.948
0.342,0.934
0.000,0.890
0.000,0.894
0.000,0.855
0.000,0.787
0.000,0.787
0.000,0.748
0.000,0.748
0.000,0.816
0.000,0.841
0.303,0.894
0.650,0.938
0.904,0.929
1.026,0.968
1.036,0.968
0.841,0.943
0.557,0.963
0.196,0.924
0.000,0.894
0.000,0.890
0.000,0.816
0.000,0.787
0.000,0.777
0.000,0.738
0.000,0.762
0.000,0.821
0.010,0.846
0.440,0.924
0.762,0.934
0.963,0.943
1.036,0.978
0.968,0.953
0.758,0.948
0.430,0.953
0.059,0.909
0.000,0.899
0.000,0.875
0.000,0.792
0.000,0.787
0.000,0.762
0.000,0.738
0.000,0.792
0.000,0.826
0.210,0.875
0.577,0.938
0.850,0.934
1.012,0.963
1.026,0.978
0.894,0.948
0.635,0.953
0.288,0.929
0.000,0.890
0.000,0.894
0.000,0.846
0.000,0.787
0.000,0.787
0.000,0.748
0.000,0.753
0.000,0.821
0.000,0.841
0.352,0.904
0.665,0.929
0.924,0.929
1.070,0.973
0.992,0.958
0.806,0.943
0.513,0.963
0.171,0.919
0.000,0.894
0.000,0.885
0.000,0.806
0.000,0.782
0.000,0.772
0.000,0.738
0.000,0.772
0.000,0.826
0.112,0.865
0.494,0.934
0.792,0.934
0.982,0.943
1.026,0.968
0.948,0.943
0.714,0.943
0.381,0.938
0.000,0.890
0.000,0.890
0.000,0.860
0.000,0.787
0.000,0.787
0.000,0.753
0.000,0.743
0.000,0.806
0.000,0.836
0.274,0.894
0.611,0.934
0.875,0.929
1.026,0.968
1.017,0.973
0.870,0.943
0.601,0.953
0.166,0.919
0.000,0.890
0.000,0.885
0.000,0.821
0.000,0.782
0.000,0.782
0.000,0.743
0.000,0.758
0.000,0.821
0.015,0.846
0.401,0.909
0.723,0.929
0.973,0.929
1.036,0.973
0.963,0.943
0.777,0.948
0.469,0.958
0.093,0.914
0.000,0.899
0.000,0.880
0.000,0.797
0.000,0.787
0.000,0.762
0.000,0.738
0.000,0.782
0.000,0.821
0.166,0.870
0.533,0.934
0.831,0.934
0.997,0.958
1.026,0.978
0.919,0.948
0.670,0.953
0.332,0.934
0.000,0.890
0.000,0.894
0.000,0.850
0.000,0.787
0.000,0.787
0.000,0.748
0.000,0.748
0.000,0.811
0.000,0.841
0.318,0.899
0.655,0.929
0.909,0.929
1.041,0.968
1.007,0.963
0.816,0.943
0.552,0.963
0.196,0.924
0.000,0.894
0.000,0.890
0.000,0.811
0.000,0.787
0.000,0.772
0.000,0.738
0.000,0.762
0.000,0.821
0.068,0.855
0.445,0.929
0.762,0.943
0.968,0.948
1.036,0.982
0.963,0.948
0.748,0.948
0.425,0.948
0.044,0.904
0.000,0.894
0.000,0.870
0.000,0.792
0.000,0.787
0.000,0.758
0.000,0.743
0.000,0.797
0.000,0.826
0.215,0.880
0.577,0.938
0.855,0.938
1.012,0.968
1.022,0.973
0.890,0.948
0.635,0.953
0.283,0.929
0.000,0.890
0.000,0.894
0.000,0.841
0.000,0.792
0.000,0.782
0.000,0.743
0.000,0.753
0.000,0.816
0.000,0.841
0.357,0.904
0.689,0.929
0.934,0.929
1.065,0.968
0.987,0.953
0.811,0.943
0.508,0.958
0.142,0.919
0.000,0.894
0.000,0.885
0.000,0.802
0.000,0.787
0.000,0.767
0.000,0.738
0.000,0.772
0.000,0.821
0.122,0.860
0.494,0.934
0.797,0.929
0.987,0.948
1.036,0.968
0.938,0.943
0.709,0.953
0.376,0.934
0.000,0.890
0.000,0.894
0.000,0.855
0.000,0.787
0.000,0.782
0.000,0.748
0.000,0.743
0.000,0.806
0.000,0.836
0.269,0.890
0.616,0.934
0.880,0.929
1.026,0.963
1.017,0.968
0.885,0.943
0.591,0.953
0.235,0.919
0.000,0.890
0.000,0.885
0.000,0.821
0.000,0.782
0.000,0.777
0.000,0.738
0.000,0.758
0.000,0.816
0.015,0.841
0.411,0.919
0.723,0.929
0.948,0.934
1.036,0.973
0.978,0.948
0.777,0.943
0.464,0.958
0.088,0.909
0.000,0.899
0.000,0.875
0.000,0.792
0.000,0.787
0.000,0.762
0.000,0.738
0.000,0.787
0.000,0.821
0.166,0.870
0.538,0.934
0.826,0.934
0.997,0.958
1.036,0.978
0.914,0.943
0.674,0.943
0.303,0.929
0.000,0.890
0.000,0.894
0.000,0.846
0.000,0.787
0.000,0.787
0.000,0.748
0.000,0.753
0.000,0.816
0.000,0.836
0.313,0.899
0.655,0.929
0.909,0.929
1.026,0.968
1.012,0.963
0.841,0.943
0.547,0.963
0.181,0.919
0.000,0.894
0.000,0.885
0.000,0.811
0.000,0.787
0.000,0.772
0.000,0.738
0.000,0.767
0.000,0.821
0.068,0.855
0.455,0.929
0.767,0.938
0.973,0.948
1.046,0.987
0.958,0.948
0.743,0.943
0.430,0.948
0.039,0.904
0.000,0.904
0.000,0.870
0.000,0.792
0.000,0.792
0.000,0.758
0.000,0.743
0.000,0.792
0.000,0.826
0.225,0.885
0.582,0.943
0.855,0.934
1.012,0.968
1.026,0.973
0.890,0.943
0.630,0.958
0.279,0.924
0.000,0.890
0.000,0.894
0.000,0.836
0.000,0.792
0.000,0.782
0.000,0.743
0.000,0.758
0.000,0.816
0.000,0.841
0.362,0.909
0.679,0.929
0.934,0.929
1.031,0.973
0.973,0.953
0.806,0.943
0.503,0.958
0.137,0.914
0.000,0.899
0.000,0.885
0.000,0.802
0.000,0.792
0.000,0.767
0.000,0.738
0.000,0.777
0.000,0.821
0.122,0.865
0.499,0.934
0.797,0.929
0.987,0.948
1.056,0.978
0.934,0.943
0.704,0.953
0.371,0.934
0.000,0.890
0.000,0.894
0.000,0.855
0.000,0.787
0.000,0.787
0.000,0.748
0.000,0.748
0.000,0.806
0.000,0.831
0.269,0.894
0.621,0.934
0.890,0.929
1.026,0.973
1.031,0.968
0.860,0.943
0.596,0.958
0.215,0.919
0.000,0.894
0.000,0.890
0.000,0.816
0.000,0.787
0.000,0.777
0.000,0.738
0.000,0.762
0.000,0.816
0.024,0.846
0.411,0.924
0.733,0.929
0.953,0.938
1.036,0.973
0.978,0.948
0.772,0.948
0.459,0.958
0.088,0.909
0.000,0.904
0.000,0.875
0.000,0.792
0.000,0.792
0.000,0.762
0.000,0.743
0.000,0.792
0.000,0.821
0.171,0.865
0.538,0.934
0.836,0.929
0.968,0.963
1.031,0.978
0.909,0.948
0.670,0.953
0.327,0.929
0.000,0.890
0.000,0.894
0.000,0.846
0.000,0.792
0.000,0.787
0.000,0.743
0.000,0.753
0.000,0.811
0.000,0.831
0.313,0.904
0.660,0.929
0.914,0.929
1.026,0.973
0.958,0.963
0.841,0.948
0.567,0.963
0.186,0.919
0.000,0.899
0.000,0.890
0.000,0.811
0.000,0.792
0.000,0.772
0.000,0.738
0.000,0.772
0.000,0.816
0.078,0.860
0.455,0.934
0.767,0.929
0.968,0.948
1.041,0.978
0.924,0.948
0.738,0.948
0.401,0.943
0.039,0.904
0.000,0.904
0.000,0.870
0.000,0.792
0.000,0.787
0.000,0.753
0.000,0.748
0.000,0.797
0.000,0.826
0.225,0.885
0.582,0.938
0.860,0.934
1.017,0.973
1.026,0.973
0.904,0.948
0.630,0.953
0.288,0.924
0.000,0.894
0.000,0.894
0.000,0.836
0.000,0.792
0.000,0.782
0.000,0.743
0.000,0.762
0.000,0.816
0.000,0.841
0.371,0.909
0.699,0.924
0.934,0.929
1.046,0.973
0.992,0.948
0.772,0.948
0.508,0.958
0.147,0.914
0.000,0.899
0.000,0.880
0.000,0.802
0.000,0.792
0.000,0.762
0.000,0.738
0.000,0.777
0.000,0.816
0.132,0.860
0.479,0.934
0.802,0.934
0.973,0.958
1.036,0.978
0.929,0.943
0.699,0.953
0.376,0.929
0.000,0.890
0.000,0.894
0.000,0.850
delay,correlation
highshift: -0.0800
highr: 0.8091
0.855,0.865
0.572,0.924
0.215,0.904
0.000,0.890
0.000,0.880
0.000,0.811
0.000,0.787
0.000,0.772
0.000,0.738
0.000,0.767
0.000,0.816
0.049,0.855
0.430,0.929
0.743,0.929
0.958,0.943
1.041,0.978
0.968,0.948
0.762,0.958
0.450,0.948
0.108,0.909
0.000,0.904
0.000,0.870
0.000,0.797
0.000,0.792
0.000,0.753
0.000,0.748
0.000,0.787
0.000,0.821
0.200,0.880
0.552,0.934
0.846,0.934
1.007,0.968
1.031,0.968
0.904,0.948
0.655,0.958
0.308,0.924
0.000,0.894
0.000,0.894
0.000,0.836
0.000,0.792
0.000,0.782
0.000,0.743
0.000,0.758
0.000,0.806
0.000,0.846
0.337,0.904
0.674,0.924
0.919,0.929
1.022,0.973
1.002,0.953
0.826,0.948
0.538,0.963
0.161,0.914
0.000,0.904
0.000,0.880
0.000,0.806
0.000,0.792
0.000,0.767
0.000,0.743
0.000,0.772
0.000,0.816
0.103,0.865
0.469,0.934
0.787,0.929
0.963,0.948
1.036,0.973
0.948,0.943
0.723,0.948
0.401,0.934
0.015,0.890
0.000,0.894
0.000,0.855
0.000,0.792
0.000,0.787
0.000,0.748
0.000,0.748
0.000,0.797
0.000,0.826
0.249,0.894
0.670,0.924
0.870,0.929
1.017,0.968
1.022,0.963
0.880,0.948
0.611,0.958
0.254,0.914
0.000,0.894
0.000,0.894
0.000,0.831
0.000,0.792
0.000,0.777
0.000,0.743
0.000,0.762
0.000,0.811
0.000,0.846
0.367,0.909
0.709,0.919
0.943,0.938
1.041,0.973
0.973,0.948
0.787,0.943
0.479,0.948
0.117,0.904
0.000,0.904
0.000,0.870
0.000,0.797
0.000,0.792
0.000,0.762
0.000,0.743
0.000,0.782
0.000,0.821
0.152,0.870
0.518,0.934
0.816,0.934
0.992,0.963
1.036,0.973
0.924,0.948
0.684,0.958
0.347,0.929
0.000,0.894
0.000,0.894
0.000,0.846
0.000,0.792
0.000,0.787
0.000,0.748
0.000,0.758
0.000,0.806
0.000,0.836
0.298,0.904
0.655,0.924
0.899,0.929
1.022,0.973
1.012,0.958
0.899,0.948
0.562,0.963
0.215,0.924
0.000,0.904
0.000,0.890
0.000,0.816
0.000,0.797
0.000,0.772
0.000,0.743
0.000,0.767
0.000,0.816
0.093,0.860
0.435,0.929
0.777,0.929
0.963,0.948
1.036,0.973
0.953,0.948
0.758,0.948
0.440,0.943
0.059,0.909
0.000,0.909
0.000,0.865
0.000,0.797
0.000,0.792
0.000,0.753
0.000,0.748
0.000,0.787
0.000,0.821
0.205,0.880
0.562,0.934
0.846,0.938
1.002,0.973
1.022,0.968
0.904,0.948
0.523,0.958
0.303,0.919
0.000,0.899
0.000,0.894
0.000,0.836
0.000,0.797
0.000,0.782
0.000,0.743
0.000,0.762
0.000,0.811
0.000,0.836
0.342,0.909
0.704,0.924
0.924,0.934
1.031,0.973
0.997,0.953
0.816,0.953
0.523,0.958
0.156,0.914
0.000,0.904
0.000,0.880
0.000,0.806
0.000,0.792
0.000,0.762
0.000,0.743
0.000,0.777
0.000,0.816
0.103,0.870
0.406,0.929
0.787,0.924
0.982,0.953
1.036,0.973
0.963,0.943
0.718,0.953
0.401,0.929
0.010,0.890
0.000,0.894
0.000,0.850
0.000,0.797
0.000,0.787
0.000,0.748
0.000,0.753
0.000,0.797
0.000,0.826
0.249,0.894
0.567,0.924
0.875,0.929
1.022,0.963
1.134,0.963
0.875,0.948
0.616,0.953
0.249,0.914
0.000,0.899
0.000,0.894
0.000,0.826
0.000,0.797
0.000,0.772
0.000,0.743
0.000,0.767
0.000,0.811
0.010,0.846
0.391,0.914
0.718,0.919
0.948,0.943
1.041,0.973
0.982,0.948
0.787,0.948
0.489,0.948
0.108,0.909
0.000,0.904
0.000,0.870
0.000,0.797
0.000,0.792
0.000,0.758
0.000,0.748
0.000,0.782
0.000,0.816
0.156,0.875
0.523,0.929
0.821,0.934
0.997,0.968
1.036,0.978
0.924,0.948
0.684,0.958
0.347,0.924
0.000,0.894
0.000,0.894
0.000,0.846
0.000,0.797
0.000,0.782
0.000,0.743
0.000,0.758
0.000,0.806
0.000,0.836
0.303,0.904
0.645,0.924
0.914,0.929
1.026,0.973
1.002,0.958
0.850,0.953
0.567,0.963
0.244,0.919
0.000,0.904
0.000,0.885
0.000,0.816
0.000,0.797
0.000,0.767
0.000,0.743
0.000,0.767
0.000,0.811
0.059,0.865
0.440,0.929
0.728,0.929
0.963,0.948
1.022,0.973
0.963,0.943
0.753,0.953
0.435,0.938
0.059,0.909
0.000,0.914
0.000,0.865
0.000,0.797
0.000,0.792
0.000,0.753
0.000,0.748
0.000,0.787
0.000,0.821
0.200,0.885
0.572,0.929
0.914,0.934
1.012,0.973
1.031,0.968
0.899,0.948
0.640,0.958
0.288,0.919
0.000,0.899
0.000,0.894
0.000,0.836
0.000,0.797
0.000,0.782
0.000,0.743
0.000,0.762
0.000,0.811
0.000,0.846
0.347,0.909
0.684,0.919
0.924,0.938
1.036,0.978
0.997,0.953
0.816,0.963
0.518,0.963
0.152,0.914
0.000,0.909
0.000,0.875
0.000,0.806
0.000,0.797
0.000,0.762
0.000,0.743
0.000,0.772
0.000,0.811
0.112,0.870
0.479,0.929
0.787,0.924
0.982,0.943
1.036,0.968
0.943,0.943
0.718,0.953
0.386,0.929
0.005,0.894
0.000,0.894
0.000,0.850
0.000,0.797
0.000,0.787
0.000,0.748
0.000,0.753
0.000,0.802
0.000,0.831
0.254,0.899
0.616,0.924
0.865,0.929
1.036,0.973
1.017,0.963
0.870,0.953
0.606,0.953
0.249,0.914
0.000,0.899
0.000,0.885
0.000,0.826
0.000,0.797
0.000,0.772
0.000,0.743
0.000,0.767
0.000,0.811
0.010,0.846
0.396,0.914
0.714,0.914
0.948,0.938
1.036,0.973
0.992,0.943
0.787,0.948
0.484,0.943
0.108,0.909
0.000,0.904
0.000,0.870
0.000,0.802
0.000,0.792
0.000,0.753
0.000,0.748
0.000,0.782
0.000,0.816
0.161,0.875
0.533,0.929
0.821,0.934
0.997,0.968
1.041,0.968
0.929,0.948
0.679,0.958
0.337,0.924
0.000,0.894
0.000,0.894
0.000,0.841
0.000,0.797
0.000,0.782
0.000,0.743
0.000,0.762
0.000,0.802
0.000,0.841
0.293,0.909
0.650,0.919
0.904,0.934
1.031,0.973
0.987,0.953
0.846,0.953
0.596,0.958
0.200,0.919
0.000,0.904
0.000,0.875
0.000,0.811
0.000,0.797
0.000,0.767
0.000,0.743
0.000,0.767
0.000,0.811
0.064,0.865
0.445,0.934
0.758,0.929
0.968,0.953
1.031,0.973
0.968,0.943
0.748,0.943
0.430,0.938
0.059,0.904
0.000,0.909
0.000,0.865
0.000,0.802
0.000,0.787
0.000,0.748
0.000,0.753
0.000,0.787
0.000,0.821
0.200,0.890
0.562,0.929
0.855,0.938
0.997,0.973
1.026,0.968
0.899,0.948
0.640,0.958
0.298,0.919
0.000,0.899
0.000,0.894
0.000,0.836
0.000,0.802
0.000,0.777
0.000,0.743
0.000,0.762
0.000,0.806
0.000,0.846
0.352,0.909
0.689,0.919
0.929,0.943
0.997,0.973
0.997,0.953
0.806,0.953
0.518,0.953
0.152,0.914
0.000,0.904
0.000,0.875
0.000,0.806
0.000,0.797
0.000,0.762
0.000,0.748
0.000,0.777
0.000,0.811
0.112,0.870
0.484,0.929
0.787,0.924
0.987,0.958
1.036,0.973
0.948,0.943
0.714,0.958
0.386,0.929
0.005,0.894
0.000,0.894
0.000,0.846
0.000,0.797
0.000,0.787
0.000,0.743
0.000,0.753
0.000,0.802
0.000,0.836
0.259,0.904
0.616,0.924
0.875,0.938
1.017,0.973
1.007,0.958
0.865,0.953
0.596,0.953
0.249,0.909
0.000,0.899
0.000,0.890
0.000,0.821
0.000,0.797
0.000,0.772
0.000,0.743
0.000,0.767
0.000,0.806
0.024,0.855
0.396,0.914
0.674,0.914
0.948,0.943
1.031,0.968
0.982,0.943
0.777,0.953
0.474,0.943
0.098,0.909
0.000,0.909
0.000,0.865
0.000,0.797
0.000,0.792
0.000,0.748
0.000,0.748
0.000,0.782
0.000,0.816
0.161,0.875
0.528,0.924
0.826,0.929
0.997,0.973
1.031,0.968
0.919,0.948
0.684,0.958
0.342,0.919
0.000,0.899
0.000,0.894
0.000,0.836
0.000,0.797
0.000,0.782
0.000,0.743
0.000,0.762
0.000,0.802
0.000,0.841
0.313,0.909
0.645,0.919
0.904,0.934
1.031,0.973
1.007,0.953
0.841,0.953
0.557,0.958
0.112,0.914
0.000,0.909
0.000,0.875
0.000,0.811
0.000,0.797
0.000,0.762
0.000,0.743
0.000,0.767
0.000,0.806
0.068,0.865
0.440,0.929
0.758,0.924
0.978,0.953
1.041,0.968
0.987,0.943
0.748,0.953
0.411,0.938
0.049,0.909
0.000,0.909
0.000,0.860
0.000,0.802
0.000,0.787
0.000,0.748
0.000,0.753
0.000,0.787
0.000,0.821
0.161,0.890
0.572,0.924
0.846,0.934
1.012,0.973
0.997,0.963
0.894,0.948
0.640,0.958
0.293,0.914
0.000,0.899
0.000,0.890
0.000,0.831
0.000,0.802
0.000,0.772
0.000,0.743
0.000,0.767
0.000,0.806
0.000,0.841
0.367,0.909
0.694,0.914
0.899,0.938
1.036,0.963
0.987,0.943
0.821,0.953
0.484,0.953
0.132,0.914
0.000,0.909
0.000,0.870
0.000,0.802
0.000,0.797
0.000,0.758
0.000,0.748
0.000,0.777
0.000,0.811
0.122,0.875
0.494,0.929
0.797,0.924
0.948,0.958
1.036,0.963
0.938,0.943
0.718,0.958
0.381,0.924
0.000,0.899
0.000,0.894
0.000,0.846
0.000,0.797
0.000,0.782
0.000,0.743
0.000,0.762
0.000,0.792
0.000,0.831
0.269,0.904
0.626,0.924
0.885,0.929
1.022,0.973
1.017,0.963
0.870,0.953
0.591,0.948
0.239,0.909
0.000,0.904
0.000,0.880
0.000,0.816
0.000,0.797
0.000,0.767
0.000,0.743
0.000,0.767
0.000,0.806
0.024,0.855
0.425,0.919
0.733,0.919
0.953,0.948
1.036,0.973
0.973,0.943
0.777,0.963
0.464,0.953
0.088,0.914
0.000,0.909
0.000,0.865
0.000,0.802
0.000,0.792
0.000,0.753
0.000,0.753
0.000,0.787
0.000,0.821
0.171,0.885
0.543,0.929
0.826,0.934
1.012,0.978
1.031,0.968
0.914,0.953
0.674,0.963
0.332,0.924
0.000,0.904
0.000,0.899
0.000,0.841
0.000,0.802
0.000,0.787
0.000,0.748
0.000,0.767
0.000,0.806
0.000,0.846
0.313,0.914
0.660,0.919
0.914,0.938
1.036,0.978
1.017,0.958
0.841,0.958
0.552,0.973
0.196,0.919
0.000,0.914
0.000,0.880
0.000,0.816
0.000,0.802
0.000,0.767
0.000,0.748
0.000,0.772
0.000,0.811
0.073,0.870
0.450,0.929
0.762,0.929
0.978,0.963
1.036,0.973
0.958,0.953
0.689,0.958
0.430,0.938
0.054,0.914
0.000,0.909
0.000,0.855
0.000,0.802
0.000,0.787
0.000,0.748
0.000,0.758
0.000,0.787
0.000,0.826
0.225,0.894
0.582,0.934
0.860,0.943
1.012,0.978
1.026,0.963
0.894,0.958
0.635,0.958
0.274,0.919
0.000,0.899
0.000,0.894
0.000,0.836
0.000,0.806
0.000,0.777
0.000,0.748
0.000,0.767
0.000,0.811
0.000,0.850
0.352,0.909
0.709,0.919
0.929,0.943
1.031,0.968
0.992,0.953
0.787,0.958
0.513,0.953
0.132,0.919
0.000,0.909
0.000,0.875
0.000,0.811
0.000,0.797
0.000,0.758
0.000,0.753
0.000,0.777
0.000,0.816
0.127,0.875
0.499,0.929
0.797,0.929
0.987,0.958
1.031,0.963
0.934,0.953
0.709,0.953
0.352,0.924
0.000,0.899
0.000,0.890
0.000,0.850
0.000,0.806
0.000,0.782
0.000,0.753
0.000,0.762
0.000,0.802
0.000,0.841
0.220,0.904
0.626,0.924
0.885,0.938
1.031,0.973
1.017,0.958
0.880,0.958
0.591,0.953
0.235,0.919
0.000,0.904
0.000,0.880
0.000,0.826
0.000,0.797
0.000,0.767
0.000,0.748
0.000,0.767
0.000,0.811
0.029,0.860
0.411,0.914
0.733,0.929
0.958,0.948
1.036,0.968
0.978,0.948
0.831,0.953
0.464,0.943
0.093,0.914
0.000,0.899
0.000,0.865
0.000,0.806
0.000,0.787
0.000,0.753
0.000,0.753
0.000,0.777
0.000,0.821
0.176,0.885
0.543,0.924
0.841,0.943
1.002,0.968
1.031,0.968
0.914,0.948
0.674,0.948
0.327,0.919
0.000,0.904
0.000,0.885
0.000,0.846
0.000,0.802
0.000,0.777
0.000,0.753
0.000,0.758
0.000,0.802
0.000,0.846
0.323,0.899
0.665,0.919
0.909,0.943
1.031,0.963
1.017,0.958
0.836,0.958
0.523,0.953
0.186,0.924
0.000,0.904
0.000,0.875
0.000,0.821
0.000,0.792
0.000,0.762
0.000,0.748
0.000,0.758
0.000,0.806
0.078,0.865
0.459,0.914
0.762,0.938
0.973,0.953
1.041,0.958
0.943,0.948
0.743,0.938
0.415,0.919
0.039,0.904
0.000,0.885
0.000,0.841
0.000,0.782
0.000,0.758
0.000,0.728
0.000,0.723
0.000,0.748
0.000,0.792
0.225,0.846
0.582,0.880
0.865,0.894
1.012,0.909
1.017,0.894
0.885,0.885
0.635,0.865
0.303,0.831
0.000,0.806
0.000,0.777
0.000,0.723
0.000,0.670
0.000,0.630
0.000,0.596
0.000,0.587
0.000,0.611
0.000,0.655
0.367,0.689
0.699,0.689
0.929,0.699
1.036,0.694
0.992,0.670
0.806,0.655
0.503,0.630
0.147,0.601
0.000,0.577
0.000,0.547
0.000,0.494
0.000,0.474
0.000,0.455
0.000,0.455
0.000,0.479
0.000,0.552
0.122,0.635
0.499,0.714
0.802,0.762
0.987,0.806
1.036,0.831
0.934,0.841
0.709,0.841
0.347,0.826
0.000,0.816
0.000,0.821
0.000,0.811
0.000,0.782
0.000,0.767
0.000,0.758
0.000,0.772
0.000,0.826
0.000,0.899
0.318,0.992
0.626,1.046
0.890,1.105
1.026,1.153
1.022,1.163
0.860,1.163
0.587,1.139
0.239,1.105
0.000,1.085
0.000,1.051
0.000,1.002
0.000,0.968
0.000,0.943
0.000,0.934
0.000,0.938
0.000,0.982
0.034,1.026
0.415,1.090
0.733,1.090
0.958,1.109
1.036,1.114
0.982,1.109
0.772,1.109
0.455,1.090
0.088,1.061
0.000,1.041
0.000,0.992
0.000,0.924
0.000,0.890
0.000,0.855
0.000,0.850
0.000,0.870
0.000,0.914
0.181,0.963
0.543,0.997
0.831,1.022
1.007,1.056
1.031,1.075
0.894,1.085
0.665,1.061
0.327,1.012
0.000,0.992
0.000,0.973
0.000,0.938
0.000,0.885
0.000,0.855
0.000,0.836
0.000,0.836
0.000,0.880
0.000,0.929
0.318,0.973
0.665,0.992
0.914,1.012
1.031,1.031
1.002,1.031
0.831,1.031
0.543,1.022
0.181,0.987
0.000,0.973
0.000,0.938
0.000,0.890
0.000,0.850
0.000,0.821
0.000,0.811
0.000,0.816
0.000,0.870
0.044,0.924
0.459,0.973
0.772,0.997
0.978,1.012
1.061,1.017
0.953,1.007
0.733,0.997
0.415,0.982
0.034,0.968
0.000,0.938
0.000,0.904
0.000,0.850
0.000,0.821
0.000,0.797
0.000,0.797
0.000,0.821
0.000,0.875
0.235,0.929
0.587,0.958
0.865,0.978
1.017,0.997
1.022,0.997
0.885,0.992
0.626,0.982
0.279,0.958
0.000,0.943
0.000,0.919
0.000,0.875
0.000,0.831
0.000,0.802
0.000,0.787
0.000,0.787
0.000,0.836
0.000,0.899
0.371,0.929
0.733,0.953
0.943,0.973
1.036,0.987
0.987,0.982
0.802,0.987
0.499,0.973
0.127,0.948
0.000,0.924
0.000,0.890
0.000,0.836
0.000,0.806
0.000,0.782
0.000,0.772
0.000,0.787
0.000,0.841
0.137,0.894
0.469,0.938
0.802,0.958
0.973,0.973
1.036,0.978
0.943,0.973
0.699,0.963
0.401,0.938
0.000,0.919
0.000,0.899
0.000,0.865
0.000,0.811
0.000,0.787
0.000,0.767
0.000,0.767
0.000,0.806
0.000,0.860
0.308,0.909
0.630,0.929
0.890,0.948
1.026,0.968
1.012,0.968
0.860,0.968
0.577,0.958
0.215,0.938
0.000,0.919
0.000,0.885
0.000,0.836
0.000,0.797
0.000,0.767
0.000,0.758
0.000,0.762
0.000,0.811
0.044,0.870
0.425,0.919
0.738,0.934
0.958,0.948
1.046,0.963
0.968,0.958
0.762,0.958
0.450,0.948
0.073,0.929
0.000,0.904
0.000,0.870
0.000,0.811
0.000,0.782
0.000,0.758
0.000,0.753
0.000,0.772
0.000,0.831
0.196,0.885
0.538,0.924
0.841,0.948
0.997,0.968
1.026,0.968
0.909,0.963
0.655,0.948
0.313,0.929
0.000,0.909
0.000,0.885
0.000,0.850
0.000,0.802
0.000,0.772
0.000,0.758
0.000,0.758
0.000,0.802
0.000,0.855
0.323,0.899
0.674,0.924
0.885,0.943
1.036,0.963
1.002,0.963
0.831,0.958
0.543,0.948
0.171,0.929
0.000,0.904
0.000,0.870
0.000,0.816
0.000,0.787
0.000,0.758
0.000,0.753
0.000,0.758
0.000,0.811
0.093,0.870
0.464,0.914
0.777,0.943
0.978,0.958
1.036,0.963
1.017,0.958
0.728,0.948
0.406,0.924
0.024,0.914
0.000,0.890
0.000,0.855
0.000,0.802
0.000,0.772
0.000,0.753
0.000,0.753
0.000,0.777
0.000,0.831
0.239,0.890
0.601,0.919
0.865,0.938
1.012,0.958
1.022,0.958
0.890,0.953
0.616,0.943
0.264,0.919
0.000,0.899
0.000,0.875
0.000,0.836
0.000,0.792
0.000,0.762
0.000,0.748
0.000,0.753
0.000,0.802
0.000,0.855
0.376,0.894
0.714,0.919
0.943,0.943
1.036,0.958
0.982,0.958
0.787,0.948
0.489,0.934
0.117,0.919
0.000,0.894
0.000,0.860
0.000,0.806
0.000,0.777
0.000,0.753
0.000,0.753
0.000,0.762
0.000,0.821
0.152,0.875
0.508,0.914
0.816,0.943
0.992,0.958
1.031,0.958
0.938,0.958
0.694,0.943
0.357,0.919
0.000,0.899
0.000,0.880
0.000,0.846
0.000,0.797
0.000,0.767
0.000,0.748
0.000,0.753
0.000,0.792
0.000,0.846
0.288,0.890
0.645,0.914
0.919,0.938
1.026,0.953
1.007,0.963
0.850,0.953
0.577,0.948
0.205,0.924
0.000,0.904
0.000,0.870
0.000,0.826
0.000,0.787
0.000,0.758
0.000,0.753
0.000,0.753
0.000,0.811
0.049,0.865
0.430,0.914
0.753,0.929
0.943,0.948
1.041,0.958
0.973,0.953
0.762,0.953
0.445,0.934
0.068,0.924
0.000,0.899
0.000,0.860
0.000,0.806
0.000,0.777
0.000,0.753
0.000,0.753
0.000,0.777
0.000,0.826
0.210,0.880
0.567,0.919
0.860,0.943
1.017,0.963
1.007,0.963
0.904,0.958
0.650,0.943
0.308,0.924
0.000,0.904
0.000,0.880
0.000,0.846
0.000,0.797
0.000,0.767
0.000,0.753
0.000,0.758
0.000,0.802
0.000,0.850
0.337,0.899
0.699,0.919
0.924,0.948
1.031,0.958
1.002,0.958
0.826,0.968
0.533,0.948
0.171,0.929
0.000,0.904
0.000,0.870
0.000,0.821
0.000,0.787
0.000,0.758
0.000,0.753
0.000,0.762
0.000,0.816
0.098,0.875
0.474,0.914
0.787,0.929
0.978,0.953
1.041,0.953
0.948,0.953
0.723,0.943
0.415,0.929
0.015,0.909
0.000,0.885
0.000,0.855
0.000,0.802
0.000,0.772
0.000,0.753
0.000,0.753
0.000,0.782
0.000,0.836
0.244,0.890
0.616,0.914
0.875,0.938
1.022,0.958
1.022,0.958
0.870,0.958
0.611,0.938
0.259,0.919
0.000,0.899
0.000,0.880
0.000,0.836
0.000,0.792
0.000,0.762
0.000,0.753
0.000,0.753
0.000,0.802
0.000,0.855
0.386,0.899
0.714,0.919
0.938,0.943
1.036,0.953
0.987,0.953
0.797,0.943
0.499,0.934
0.112,0.919
0.000,0.894
0.000,0.860
0.000,0.806
0.000,0.777
0.000,0.753
0.000,0.753
0.000,0.762
0.000,0.816
0.156,0.875
0.518,0.914
0.846,0.938
1.002,0.958
1.036,0.958
0.919,0.953
0.689,0.943
0.357,0.919
0.000,0.899
0.000,0.880
0.000,0.846
0.000,0.797
0.000,0.767
0.000,0.753
0.000,0.753
0.000,0.792
0.000,0.846
0.303,0.894
0.640,0.914
0.899,0.943
1.026,0.958
1.007,0.958
0.850,0.958
0.572,0.948
0.210,0.924
0.000,0.904
0.000,0.875
0.000,0.826
0.000,0.792
0.000,0.762
0.000,0.753
0.000,0.758
0.000,0.811
0.054,0.870
0.430,0.914
0.753,0.934
0.963,0.953
1.041,0.958
0.963,0.958
0.758,0.948
0.430,0.934
0.059,0.924
0.000,0.899
0.000,0.865
0.000,0.806
0.000,0.777
0.000,0.758
0.000,0.758
0.000,0.772
0.000,0.831
0.200,0.885
0.572,0.919
0.846,0.948
0.968,0.963
1.031,0.963
0.899,0.963
0.645,0.948
0.303,0.914
0.000,0.904
0.000,0.880
0.000,0.841
0.000,0.802
0.000,0.767
0.000,0.758
0.000,0.758
0.000,0.802
0.000,0.855
0.347,0.899
0.684,0.919
0.924,0.943
1.036,0.958
0.997,0.958
0.821,0.963
0.528,0.948
0.161,0.929
0.000,0.899
0.000,0.870
0.000,0.821
0.000,0.787
0.000,0.762
0.000,0.758
0.000,0.762
0.000,0.821
0.108,0.875
0.484,0.919
0.782,0.938
0.982,0.953
1.031,0.958
0.948,0.958
0.718,0.948
0.396,0.924
0.010,0.909
0.000,0.885
0.000,0.855
0.000,0.806
0.000,0.772
0.000,0.758
0.000,0.758
0.000,0.782
0.000,0.836
0.235,0.890
0.606,0.914
0.870,0.938
1.022,0.963
1.017,0.963
0.880,0.958
0.611,0.943
0.244,0.919
0.000,0.904
0.000,0.875
0.000,0.831
0.000,0.792
0.000,0.762
0.000,0.753
0.000,0.758
0.000,0.806
0.005,0.860
0.391,0.899
0.723,0.924
0.948,0.948
1.036,0.958
0.982,0.958
0.792,0.948
0.484,0.938
0.078,0.924
0.000,0.899
0.000,0.865
0.000,0.811
0.000,0.782
0.000,0.758
0.000,0.758
0.000,0.767
0.000,0.826
0.156,0.880
0.528,0.919
0.821,0.948
0.997,0.963
1.031,0.963
0.924,0.963
0.684,0.948
0.347,0.924
0.000,0.909
0.000,0.885
0.000,0.850
0.000,0.802
0.000,0.772
0.000,0.758
0.000,0.758
0.000,0.797
0.000,0.850
0.298,0.899
0.650,0.919
0.894,0.943
1.022,0.963
0.997,0.963
0.846,0.963
0.557,0.948
0.205,0.929
0.000,0.904
0.000,0.875
0.000,0.826
0.000,0.792
0.000,0.762
0.000,0.758
0.000,0.758
0.000,0.811
0.059,0.875
0.445,0.919
0.753,0.934
0.963,0.958
1.046,0.963
0.963,0.958
0.758,0.948
0.435,0.934
0.064,0.924
0.000,0.899
0.000,0.865
0.000,0.811
0.000,0.777
0.000,0.758
0.000,0.758
0.000,0.777
0.000,0.831
0.210,0.885
0.567,0.919
0.875,0.948
1.012,0.963
1.026,0.963
0.899,0.963
0.640,0.943
0.298,0.919
0.000,0.909
0.000,0.880
0.000,0.846
0.000,0.802
0.000,0.767
0.000,0.758
0.000,0.758
0.000,0.806
0.000,0.860
0.352,0.899
0.674,0.924
0.929,0.948
1.026,0.958
0.997,0.958
0.811,0.963
0.523,0.948
0.147,0.929
0.000,0.904
0.000,0.870
0.000,0.821
0.000,0.787
0.000,0.762
0.000,0.758
0.000,0.762
0.000,0.816
0.029,0.875
0.489,0.919
0.792,0.938
0.982,0.958
1.046,0.963
0.953,0.963
0.718,0.948
0.391,0.924
0.005,0.909
0.000,0.885
0.000,0.855
0.000,0.802
0.000,0.772
0.000,0.753
0.000,0.758
0.000,0.792
0.000,0.846
0.264,0.894
0.616,0.919
0.880,0.943
1.026,0.963
1.017,0.958
0.850,0.963
0.577,0.943
0.244,0.924
0.000,0.904
0.000,0.875
0.000,0.831
0.000,0.792
0.000,0.762
0.000,0.758
0.000,0.758
0.000,0.806
0.020,0.855
0.401,0.899
0.738,0.924
0.953,0.943
1.070,0.958
0.978,0.953
0.782,0.948
0.474,0.938
0.098,0.924
0.000,0.899
0.000,0.865
0.000,0.811
0.000,0.777
0.000,0.758
0.000,0.758
0.000,0.767
0.000,0.826
0.166,0.880
0.601,0.919
0.821,0.948
1.002,0.963
1.036,0.963
0.929,0.963
0.689,0.948
0.337,0.924
0.000,0.909
0.000,0.885
0.000,0.850
0.000,0.806
0.000,0.772
0.000,0.758
0.000,0.758
0.000,0.802
0.000,0.860
0.313,0.899
0.650,0.919
0.909,0.943
1.036,0.963
1.012,0.963
0.841,0.963
0.552,0.953
0.191,0.929
0.000,0.909
0.000,0.875
0.000,0.826
0.000,0.792
0.000,0.762
0.000,0.758
0.000,0.758
0.000,0.816
0.078,0.870
0.450,0.914
0.767,0.948
0.973,0.958
1.031,0.958
0.958,0.963
0.748,0.953
0.362,0.929
0.044,0.919
0.000,0.899
0.000,0.865
0.000,0.811
0.000,0.777
0.000,0.758
0.000,0.758
0.000,0.782
0.000,0.836
0.220,0.890
0.577,0.924
0.855,0.953
1.007,0.968
1.026,0.963
0.894,0.963
0.635,0.948
0.283,0.924
0.000,0.909
0.000,0.880
0.000,0.846
0.000,0.802
0.000,0.767
0.000,0.758
0.000,0.758
0.000,0.806
0.000,0.855
0.362,0.899
0.694,0.919
0.929,0.948
1.041,0.958
0.992,0.958
0.802,0.958
0.503,0.948
0.142,0.929
0.000,0.904
0.000,0.865
0.000,0.816
0.000,0.782
0.000,0.758
0.000,0.758
0.000,0.762
0.000,0.821
0.108,0.875
0.499,0.919
0.748,0.943
0.987,0.958
1.070,0.963
0.943,0.963
0.709,0.948
0.376,0.924
0.000,0.909
0.000,0.885
0.000,0.855
0.000,0.806
0.000,0.772
0.000,0.758
0.000,0.758
0.000,0.792
0.000,0.846
0.303,0.894
0.621,0.919
0.880,0.943
1.026,0.958
1.031,0.958
0.865,0.963
0.591,0.938
0.230,0.919
0.000,0.904
0.000,0.870
0.000,0.831
0.000,0.792
0.000,0.762
0.000,0.753
0.000,0.758
0.000,0.806
0.034,0.860
0.411,0.904
0.738,0.929
0.948,0.948
1.031,0.958
0.973,0.958
0.792,0.948
0.459,0.938
0.088,0.929
0.000,0.894
0.000,0.865
0.000,0.811
0.000,0.777
0.000,0.758
0.000,0.758
0.000,0.767
0.000,0.826
0.186,0.880
0.543,0.914
0.841,0.943
1.007,0.958
1.031,0.963
0.914,0.963
0.679,0.943
0.327,0.924
0.000,0.899
0.000,0.880
0.000,0.846
0.000,0.802
0.000,0.767
0.000,0.758
0.000,0.758
0.000,0.797
0.000,0.850
0.323,0.894
0.665,0.919
0.938,0.943
1.026,0.958
1.012,0.958
0.836,0.963
0.552,0.948
0.176,0.929
0.000,0.909
0.000,0.870
0.000,0.826
0.000,0.787
0.000,0.762
0.000,0.758
0.000,0.758
0.000,0.816
0.083,0.875
0.459,0.914
0.772,0.943
0.978,0.958
1.041,0.958
0.948,0.958
0.738,0.948
0.406,0.929
0.034,0.919
0.000,0.890
0.000,0.860
0.000,0.806
0.000,0.777
0.000,0.758
0.000,0.758
0.000,0.777
0.000,0.841
0.225,0.890
0.582,0.924
0.865,0.943
1.017,0.963
1.100,0.963
0.890,0.963
0.626,0.943
0.279,0.924
0.000,0.909
0.000,0.880
0.000,0.841
0.000,0.797
0.000,0.762
0.000,0.753
0.000,0.758
0.000,0.802
0.000,0.860
0.371,0.899
0.709,0.919
0.938,0.948
1.036,0.958
0.987,0.958
0.806,0.953
0.503,0.943
0.137,0.924
0.000,0.899
0.000,0.865
0.000,0.816
0.000,0.782
0.000,0.758
0.000,0.758
0.000,0.762
0.000,0.821
0.132,0.875
0.508,0.914
0.802,0.943
0.997,0.963
1.026,0.963
0.938,0.958
0.704,0.943
0.371,0.924
0.000,0.904
0.000,0.880
0.000,0.850
0.000,0.802
0.000,0.767
0.000,0.753
0.000,0.753
0.000,0.787
0.000,0.846
0.279,0.894
0.630,0.914
0.890,0.938
1.022,0.953
1.012,0.958
0.855,0.958
0.582,0.943
0.220,0.929
0.000,0.909
0.000,0.870
0.000,0.831
0.000,0.787
0.000,0.758
0.000,0.753
0.000,0.753
0.000,0.806
0.044,0.865
0.425,0.904
0.738,0.929
0.963,0.948
1.036,0.953
0.968,0.953
0.767,0.953
0.479,0.934
0.073,0.919
0.000,0.894
0.000,0.860
0.000,0.806
0.000,0.772
0.000,0.753
0.000,0.753
0.000,0.772
0.000,0.831
0.264,0.880
0.552,0.919
0.836,0.948
1.002,0.963
1.036,0.963
0.987,0.963
0.660,0.948
0.318,0.924
0.000,0.904
0.000,0.880
0.000,0.846
0.000,0.802
0.000,0.767
0.000,0.758
0.000,0.758
0.000,0.797
0.000,0.855
0.332,0.899
0.670,0.919
0.934,0.948
1.031,0.958
1.026,0.963
0.836,0.963
0.494,0.948
0.176,0.929
0.000,0.904
0.000,0.870
0.000,0.826
0.000,0.787
0.000,0.762
0.000,0.758
0.000,0.758
0.000,0.816
0.093,0.875
0.464,0.914
0.777,0.943
0.978,0.958
1.036,0.958
0.953,0.968
0.733,0.948
0.411,0.934
0.015,0.914
0.000,0.885
0.000,0.855
0.000,0.806
0.000,0.772
0.000,0.758
0.000,0.758
0.000,0.777
0.000,0.836
0.239,0.890
0.596,0.914
0.894,0.938
1.012,0.958
1.022,0.958
0.890,0.963
0.611,0.943
0.264,0.919
0.000,0.904
0.000,0.875
0.000,0.841
0.000,0.797
0.000,0.762
0.000,0.758
0.000,0.753
0.000,0.802
0.000,0.855
0.381,0.894
0.704,0.919
0.934,0.943
1.031,0.958
0.987,0.953
0.797,0.943
0.513,0.929
0.122,0.919
0.000,0.894
0.000,0.860
0.000,0.811
0.000,0.777
0.000,0.753
0.000,0.753
0.000,0.758
0.000,0.816
0.142,0.870
0.513,0.904
0.811,0.938
0.987,0.953
1.036,0.953
0.934,0.958
0.694,0.938
0.357,0.914
0.000,0.894
0.000,0.860
0.000,0.836
0.000,0.787
0.000,0.753
0.000,0.733
0.000,0.733
0.000,0.767
0.000,0.821
0.288,0.865
0.630,0.885
0.894,0.909
1.026,0.919
1.012,0.919
0.880,0.919
0.572,0.904
0.215,0.894
0.000,0.865
0.000,0.831
0.000,0.792
0.000,0.753
0.000,0.723
0.000,0.718
0.000,0.714
0.000,0.767
0.049,0.826
0.367,0.865
0.748,0.885
0.963,0.899
1.041,0.904
0.963,0.904
0.762,0.894
0.445,0.875
0.068,0.860
0.000,0.831
0.000,0.792
0.000,0.738
0.000,0.704
0.000,0.684
0.000,0.684
0.000,0.699
0.000,0.762
0.196,0.821
0.572,0.855
0.836,0.885
1.007,0.904
1.031,0.909
0.894,0.914
0.650,0.904
0.303,0.885
0.000,0.875
0.000,0.846
0.000,0.821
0.000,0.782
0.000,0.748
0.000,0.743
0.000,0.748
0.000,0.787
0.000,0.860
0.332,0.904
0.694,0.924
0.924,0.953
1.031,0.968
0.997,0.968
0.826,0.978
0.533,0.958
0.161,0.938
0.000,0.919
0.000,0.880
0.000,0.836
0.000,0.802
0.000,0.767
0.000,0.772
0.000,0.772
0.000,0.831
0.108,0.894
0.474,0.934
0.782,0.953
0.978,0.968
1.036,0.968
0.948,0.973
0.723,0.963
0.430,0.943
0.015,0.924
0.000,0.899
0.000,0.865
0.000,0.821
0.000,0.782
0.000,0.767
0.000,0.772
0.000,0.787
0.000,0.850
0.230,0.904
0.591,0.919
0.870,0.953
1.017,0.968
1.022,0.963
0.865,0.973
0.616,0.948
0.249,0.924
0.000,0.919
0.000,0.880
0.000,0.841
0.000,0.802
0.000,0.762
0.000,0.762
0.000,0.762
0.000,0.806
0.010,0.870
0.386,0.904
0.714,0.924
0.973,0.958
1.036,0.958
0.973,0.963
0.792,0.958
0.494,0.934
0.112,0.929
0.000,0.909
0.000,0.865
delay,correlation
highshift: -0.0800
highr: 0.7227
0.919,0.914
0.679,0.924
0.327,0.904
0.000,0.909
0.000,0.875
0.000,0.846
0.000,0.806
0.000,0.762
0.000,0.758
0.000,0.762
0.000,0.792
0.000,0.855
0.308,0.899
0.660,0.914
0.904,0.953
1.026,0.958
1.007,0.958
0.836,0.968
0.552,0.943
0.176,0.929
0.000,0.914
0.000,0.865
0.000,0.831
0.000,0.792
0.000,0.758
0.000,0.762
0.000,0.758
0.000,0.811
0.068,0.880
0.450,0.914
0.762,0.943
0.968,0.973
1.041,0.958
0.997,0.968
0.743,0.958
0.450,0.929
0.039,0.924
0.000,0.899
0.000,0.855
0.000,0.816
0.000,0.772
0.000,0.758
0.000,0.767
0.000,0.772
0.000,0.836
0.225,0.894
0.577,0.919
0.855,0.958
1.017,0.968
1.022,0.958
0.894,0.973
0.630,0.943
0.283,0.919
0.000,0.909
0.000,0.875
0.000,0.841
0.000,0.806
0.000,0.762
0.000,0.758
0.000,0.758
0.000,0.797
0.000,0.865
0.362,0.899
0.694,0.914
0.934,0.953
1.036,0.953
0.992,0.953
0.806,0.963
0.508,0.938
0.137,0.929
0.000,0.909
0.000,0.860
0.000,0.821
0.000,0.782
0.000,0.753
0.000,0.762
0.000,0.758
0.000,0.816
0.147,0.880
0.503,0.909
0.797,0.938
0.987,0.958
1.041,0.948
0.943,0.963
0.704,0.948
0.371,0.914
0.000,0.914
0.000,0.880
0.000,0.846
0.000,0.811
0.000,0.762
0.000,0.753
0.000,0.762
0.000,0.782
0.000,0.850
0.274,0.899
0.621,0.904
0.885,0.948
1.051,0.958
1.022,0.953
0.890,0.968
0.591,0.934
0.186,0.924
0.000,0.914
0.000,0.860
0.000,0.831
0.000,0.797
0.000,0.753
0.000,0.762
0.000,0.758
0.000,0.802
0.029,0.870
0.411,0.904
0.738,0.919
0.953,0.958
1.036,0.948
0.978,0.958
0.758,0.958
0.459,0.929
0.098,0.934
0.000,0.904
0.000,0.855
0.000,0.821
0.000,0.777
0.000,0.748
0.000,0.767
0.000,0.762
0.000,0.826
0.171,0.890
0.567,0.904
0.831,0.953
1.002,0.968
1.031,0.953
0.914,0.973
0.670,0.943
0.332,0.914
0.000,0.919
0.000,0.870
0.000,0.846
0.000,0.811
0.000,0.758
0.000,0.758
0.000,0.762
0.000,0.782
0.000,0.860
0.327,0.899
0.660,0.909
0.899,0.953
1.026,0.953
0.997,0.953
0.831,0.973
0.538,0.938
0.186,0.924
0.000,0.914
0.000,0.855
0.000,0.831
0.000,0.792
0.000,0.748
0.000,0.767
0.000,0.758
0.000,0.806
0.020,0.885
0.459,0.909
0.772,0.943
0.978,0.973
1.036,0.953
0.953,0.968
0.601,0.953
0.415,0.919
0.029,0.929
0.000,0.890
0.000,0.850
0.000,0.821
0.000,0.767
0.000,0.753
0.000,0.767
0.000,0.767
0.000,0.836
0.235,0.899
0.591,0.904
0.860,0.953
1.017,0.963
1.026,0.948
0.890,0.978
0.626,0.938
0.274,0.919
0.000,0.919
0.000,0.870
0.000,0.846
0.000,0.811
0.000,0.758
0.000,0.767
0.000,0.762
0.000,0.792
0.000,0.870
0.371,0.894
0.699,0.914
0.938,0.958
1.036,0.948
0.997,0.958
0.802,0.968
0.503,0.929
0.122,0.929
0.000,0.904
0.000,0.855
0.000,0.826
0.000,0.782
0.000,0.748
0.000,0.772
0.000,0.758
0.000,0.816
0.220,0.890
0.503,0.904
0.806,0.948
1.012,0.973
1.036,0.948
0.929,0.973
0.699,0.948
0.362,0.914
0.000,0.919
0.000,0.875
0.000,0.846
0.000,0.816
0.000,0.758
0.000,0.753
0.000,0.767
0.000,0.777
0.000,0.855
0.279,0.899
0.640,0.914
0.885,0.958
1.031,0.958
1.017,0.953
0.860,0.973
0.587,0.929
0.225,0.924
0.000,0.919
0.000,0.860
0.000,0.836
0.000,0.797
0.000,0.753
0.000,0.767
0.000,0.758
0.000,0.802
0.039,0.885
0.445,0.904
0.738,0.934
0.963,0.963
1.036,0.948
0.968,0.958
0.762,0.963
0.455,0.929
0.083,0.938
0.000,0.899
0.000,0.855
0.000,0.821
0.000,0.772
0.000,0.753
0.000,0.767
0.000,0.758
0.000,0.831
0.186,0.894
0.547,0.904
0.836,0.958
1.007,0.968
1.031,0.953
0.929,0.978
0.665,0.943
0.303,0.914
0.000,0.919
0.000,0.870
0.000,0.846
0.000,0.811
0.000,0.758
0.000,0.762
0.000,0.762
0.000,0.787
0.000,0.865
0.327,0.899
0.674,0.909
0.919,0.963
1.031,0.948
0.997,0.958
0.821,0.973
0.601,0.934
0.176,0.929
0.000,0.909
0.000,0.855
0.000,0.831
0.000,0.787
0.000,0.748
0.000,0.767
0.000,0.753
0.000,0.811
0.093,0.885
0.469,0.904
0.772,0.943
0.978,0.963
1.022,0.943
0.953,0.973
0.733,0.948
0.401,0.914
0.024,0.919
0.000,0.885
0.000,0.846
0.000,0.816
0.000,0.762
0.000,0.753
0.000,0.767
0.000,0.767
0.000,0.841
0.239,0.894
0.596,0.909
0.870,0.953
1.007,0.958
1.022,0.948
0.880,0.973
0.606,0.934
0.259,0.919
0.000,0.919
0.000,0.865
0.000,0.846
0.000,0.802
0.000,0.753
0.000,0.767
0.000,0.758
0.000,0.797
0.000,0.870
0.415,0.890
0.709,0.914
0.938,0.953
1.036,0.938
0.987,0.958
0.777,0.963
0.489,0.919
0.152,0.929
0.000,0.899
0.000,0.850
0.000,0.826
0.000,0.777
0.000,0.748
0.000,0.767
0.000,0.753
0.000,0.821
0.137,0.890
0.518,0.904
0.806,0.953
0.997,0.968
1.036,0.948
0.929,0.973
0.694,0.943
0.347,0.909
0.000,0.919
0.000,0.870
0.000,0.846
0.000,0.811
0.000,0.753
0.000,0.753
0.000,0.758
0.000,0.777
0.000,0.855
0.283,0.894
0.640,0.914
0.894,0.958
1.051,0.948
1.012,0.953
0.850,0.973
0.572,0.934
0.210,0.929
0.000,0.914
0.000,0.855
0.000,0.836
0.000,0.792
0.000,0.753
0.000,0.772
0.000,0.758
0.000,0.806
0.029,0.885
0.430,0.904
0.738,0.938
0.963,0.963
1.026,0.948
0.968,0.963
0.767,0.958
0.445,0.924
0.064,0.938
0.000,0.899
0.000,0.855
0.000,0.826
0.000,0.767
0.000,0.753
0.000,0.767
0.000,0.762
0.000,0.836
0.200,0.894
0.562,0.909
0.836,0.958
1.007,0.968
1.026,0.953
0.909,0.978
0.650,0.938
0.303,0.929
0.000,0.924
0.000,0.870
0.000,0.850
0.000,0.811
0.000,0.758
0.000,0.767
0.000,0.758
0.000,0.792
0.000,0.870
0.342,0.894
0.709,0.914
0.924,0.958
1.031,0.948
1.002,0.963
0.816,0.968
0.528,0.934
0.156,0.938
0.000,0.904
0.000,0.855
0.000,0.836
0.000,0.782
0.000,0.753
0.000,0.772
0.000,0.748
0.000,0.816
0.098,0.885
0.479,0.904
0.792,0.938
0.978,0.958
1.026,0.943
0.948,0.973
0.728,0.948
0.396,0.914
0.000,0.919
0.000,0.875
0.000,0.850
0.000,0.816
0.000,0.762
0.000,0.758
0.000,0.767
0.000,0.767
0.000,0.850
0.244,0.890
0.601,0.904
0.899,0.953
1.017,0.953
1.022,0.958
0.880,0.973
0.611,0.929
0.254,0.929
0.000,0.919
0.000,0.865
0.000,0.846
0.000,0.802
0.000,0.753
0.000,0.772
0.000,0.758
0.000,0.802
0.000,0.875
0.386,0.890
0.718,0.919
0.948,0.958
1.026,0.938
0.982,0.958
0.787,0.953
0.484,0.919
0.108,0.934
0.000,0.899
0.000,0.855
0.000,0.826
0.000,0.772
0.000,0.753
0.000,0.767
0.000,0.753
0.000,0.826
0.147,0.890
0.523,0.904
0.816,0.958
0.997,0.968
1.031,0.953
0.992,0.978
0.684,0.943
0.347,0.919
0.000,0.919
0.000,0.870
0.000,0.850
0.000,0.811
0.000,0.758
0.000,0.762
0.000,0.758
0.000,0.782
0.000,0.865
0.298,0.894
0.650,0.904
0.909,0.958
1.031,0.943
1.012,0.958
0.850,0.973
0.562,0.934
0.235,0.934
0.000,0.914
0.000,0.855
0.000,0.836
0.000,0.787
0.000,0.748
0.000,0.767
0.000,0.748
0.000,0.806
0.059,0.885
0.445,0.899
0.758,0.938
0.963,0.963
1.036,0.943
0.958,0.973
0.753,0.948
0.435,0.919
0.054,0.934
0.000,0.890
0.000,0.855
0.000,0.821
0.000,0.762
0.000,0.758
0.000,0.767
0.000,0.758
0.000,0.841
0.200,0.885
0.572,0.904
0.850,0.958
1.012,0.958
1.026,0.953
0.899,0.973
0.645,0.929
0.308,0.919
0.000,0.914
0.000,0.865
0.000,0.846
0.000,0.802
0.000,0.753
0.000,0.762
0.000,0.753
0.000,0.787
0.000,0.865
0.352,0.885
0.684,0.914
0.929,0.953
1.031,0.938
0.997,0.963
0.816,0.963
0.518,0.929
0.142,0.938
0.000,0.899
0.000,0.855
0.000,0.831
0.000,0.777
0.000,0.753
0.000,0.767
0.000,0.748
0.000,0.816
0.117,0.885
0.489,0.904
0.792,0.948
0.992,0.958
1.036,0.948
0.953,0.978
0.714,0.948
0.376,0.919
0.005,0.929
0.000,0.880
0.000,0.855
0.000,0.821
0.000,0.762
0.000,0.767
0.000,0.767
0.000,0.782
0.000,0.860
0.259,0.899
0.611,0.914
0.875,0.968
1.022,0.958
1.022,0.963
0.875,0.978
0.606,0.934
0.244,0.929
0.000,0.919
0.000,0.860
0.000,0.846
0.000,0.797
0.000,0.753
0.000,0.772
0.000,0.753
0.000,0.802
0.020,0.875
0.396,0.890
0.728,0.924
0.968,0.958
1.036,0.943
0.982,0.968
0.782,0.948
0.474,0.924
0.098,0.938
0.000,0.894
0.000,0.855
0.000,0.826
0.000,0.767
0.000,0.753
0.000,0.767
0.000,0.753
0.000,0.826
0.161,0.880
0.533,0.899
0.816,0.953
0.997,0.963
1.041,0.953
0.919,0.978
0.670,0.934
0.352,0.919
0.000,0.919
0.000,0.865
0.000,0.850
0.000,0.806
0.000,0.753
0.000,0.767
0.000,0.758
0.000,0.782
0.000,0.865
0.308,0.890
0.655,0.914
0.894,0.958
1.031,0.943
1.007,0.958
0.841,0.973
0.567,0.934
0.191,0.934
0.000,0.904
0.000,0.855
0.000,0.836
0.000,0.782
0.000,0.753
0.000,0.767
0.000,0.743
0.000,0.806
0.098,0.880
0.455,0.899
0.772,0.948
0.968,0.968
1.041,0.953
0.958,0.973
0.748,0.948
0.420,0.919
0.049,0.938
0.000,0.890
0.000,0.860
0.000,0.821
0.000,0.762
0.000,0.758
0.000,0.762
0.000,0.762
0.000,0.846
0.220,0.890
0.577,0.914
0.846,0.963
1.017,0.958
1.022,0.958
0.894,0.978
0.635,0.929
0.283,0.924
0.000,0.919
0.000,0.865
0.000,0.855
0.000,0.802
0.000,0.753
0.000,0.772
0.000,0.753
0.000,0.797
0.000,0.875
0.362,0.890
0.670,0.919
0.929,0.958
1.022,0.943
0.992,0.963
0.811,0.963
0.508,0.929
0.142,0.938
0.000,0.899
0.000,0.855
0.000,0.836
0.000,0.772
0.000,0.758
0.000,0.767
0.000,0.748
0.000,0.821
0.122,0.885
0.494,0.899
0.797,0.948
0.987,0.953
1.022,0.943
0.943,0.973
0.704,0.938
0.376,0.919
0.000,0.919
0.000,0.870
0.000,0.855
0.000,0.816
0.000,0.758
0.000,0.762
0.000,0.758
0.000,0.777
0.000,0.865
0.279,0.894
0.616,0.909
0.968,0.963
1.026,0.953
1.070,0.963
0.865,0.973
0.596,0.924
0.235,0.929
0.000,0.914
0.000,0.860
0.000,0.846
0.000,0.792
0.000,0.753
0.000,0.772
0.000,0.748
0.000,0.806
0.015,0.875
0.411,0.890
0.733,0.934
0.953,0.958
1.036,0.943
0.978,0.968
0.777,0.958
0.469,0.929
0.093,0.943
0.000,0.894
0.000,0.860
0.000,0.826
0.000,0.767
0.000,0.758
0.000,0.767
0.000,0.753
0.000,0.836
0.181,0.885
0.543,0.904
0.831,0.963
0.997,0.963
1.041,0.958
0.914,0.978
0.630,0.934
0.327,0.924
0.000,0.914
0.000,0.865
0.000,0.855
0.000,0.806
0.000,0.758
0.000,0.767
0.000,0.758
0.000,0.787
0.000,0.870
0.308,0.890
0.616,0.919
0.909,0.958
1.061,0.943
1.007,0.963
0.841,0.968
0.552,0.934
0.186,0.938
0.000,0.909
0.000,0.860
0.000,0.841
0.000,0.782
0.000,0.758
0.000,0.772
0.000,0.748
0.000,0.816
0.103,0.885
0.455,0.904
0.772,0.953
0.968,0.963
1.036,0.948
0.958,0.973
0.738,0.943
0.420,0.924
0.039,0.938
0.000,0.880
0.000,0.860
0.000,0.821
0.000,0.762
0.000,0.762
0.000,0.762
0.000,0.762
0.000,0.850
0.225,0.890
0.591,0.909
0.880,0.968
1.017,0.953
1.026,0.963
0.890,0.978
0.630,0.929
0.279,0.924
0.000,0.924
0.000,0.865
0.000,0.855
0.000,0.802
0.000,0.758
0.000,0.772
0.000,0.753
0.000,0.802
0.000,0.870
0.367,0.885
0.699,0.924
0.816,0.958
1.036,0.943
0.987,0.968
0.806,0.958
0.499,0.929
0.137,0.943
0.000,0.899
0.000,0.855
0.000,0.831
0.000,0.772
0.000,0.758
0.000,0.767
0.000,0.748
0.000,0.826
0.132,0.880
0.499,0.909
0.806,0.958
0.987,0.958
1.075,0.953
0.934,0.978
0.709,0.938
0.371,0.924
0.000,0.919
0.000,0.870
0.000,0.855
0.000,0.811
0.000,0.758
0.000,0.767
0.000,0.758
0.000,0.782
0.000,0.865
0.274,0.890
0.626,0.919
0.890,0.958
1.026,0.948
1.017,0.963
0.865,0.973
0.587,0.929
0.225,0.934
0.000,0.909
0.000,0.860
0.000,0.846
0.000,0.792
0.000,0.758
0.000,0.772
0.000,0.748
0.000,0.811
0.010,0.875
0.415,0.899
0.738,0.943
0.958,0.958
1.036,0.948
0.978,0.973
0.772,0.958
0.508,0.929
0.083,0.943
0.000,0.890
0.000,0.865
0.000,0.826
0.000,0.767
0.000,0.762
0.000,0.767
0.000,0.758
0.000,0.846
0.181,0.890
0.543,0.909
0.836,0.963
1.002,0.958
1.031,0.963
0.909,0.978
0.665,0.934
0.323,0.924
0.000,0.919
0.000,0.865
0.000,0.860
0.000,0.802
0.000,0.758
0.000,0.772
0.000,0.753
0.000,0.787
0.000,0.870
0.327,0.885
0.665,0.919
0.909,0.958
1.026,0.943
1.002,0.968
0.841,0.963
0.547,0.934
0.152,0.943
0.000,0.904
0.000,0.860
0.000,0.841
0.000,0.777
0.000,0.758
0.000,0.772
0.000,0.743
0.000,0.821
0.068,0.885
0.464,0.899
0.772,0.953
0.978,0.963
1.041,0.953
0.924,0.978
0.738,0.943
0.415,0.929
0.034,0.938
0.000,0.880
0.000,0.860
0.000,0.816
0.000,0.758
0.000,0.767
0.000,0.762
0.000,0.767
0.000,0.850
0.230,0.885
0.616,0.909
0.865,0.953
1.012,0.948
1.022,0.958
0.904,0.973
0.626,0.929
0.279,0.929
0.000,0.909
0.000,0.865
0.000,0.855
0.000,0.797
0.000,0.758
0.000,0.772
0.000,0.748
0.000,0.802
0.000,0.875
0.386,0.885
0.704,0.924
0.914,0.953
1.036,0.943
0.987,0.968
0.802,0.958
0.435,0.934
0.132,0.938
0.000,0.894
0.000,0.860
0.000,0.831
0.000,0.767
0.000,0.758
0.000,0.767
0.000,0.748
0.000,0.836
0.132,0.880
0.508,0.904
0.811,0.963
0.992,0.958
1.036,0.953
0.929,0.978
0.699,0.934
0.367,0.924
0.005,0.919
0.000,0.865
0.000,0.855
0.000,0.806
0.000,0.758
0.000,0.767
0.000,0.753
0.000,0.782
0.000,0.865
0.283,0.885
0.635,0.919
0.890,0.958
1.022,0.943
1.012,0.968
0.855,0.973
0.587,0.924
0.210,0.938
0.000,0.909
0.000,0.860
0.000,0.846
0.000,0.782
0.000,0.758
0.000,0.772
0.000,0.743
0.000,0.811
0.034,0.880
0.420,0.899
0.772,0.948
0.958,0.958
1.036,0.948
0.978,0.978
0.738,0.948
0.455,0.934
0.073,0.943
0.000,0.890
0.000,0.865
0.000,0.826
0.000,0.762
0.000,0.767
0.000,0.762
0.000,0.758
0.000,0.841
0.196,0.885
0.552,0.909
0.841,0.968
1.007,0.953
1.041,0.963
0.909,0.978
0.660,0.929
0.313,0.929
0.000,0.914
0.000,0.865
0.000,0.860
0.000,0.802
0.000,0.758
0.000,0.772
0.000,0.753
0.000,0.797
0.000,0.870
0.332,0.885
0.679,0.924
0.938,0.958
1.031,0.943
1.012,0.973
0.826,0.963
0.538,0.924
0.171,0.948
0.000,0.899
0.000,0.860
0.000,0.841
0.000,0.772
0.000,0.758
0.000,0.767
0.000,0.743
0.000,0.821
0.093,0.880
0.469,0.899
0.777,0.953
0.978,0.953
1.036,0.943
0.948,0.968
0.728,0.934
0.401,0.924
0.024,0.929
0.000,0.870
0.000,0.860
0.000,0.816
0.000,0.758
0.000,0.767
0.000,0.758
0.000,0.767
0.000,0.850
0.244,0.880
0.606,0.909
0.870,0.958
1.012,0.943
1.022,0.963
0.899,0.973
0.616,0.924
0.264,0.929
0.000,0.909
0.000,0.865
0.000,0.855
0.000,0.792
0.000,0.758
0.000,0.772
0.000,0.743
0.000,0.806
0.000,0.870
0.371,0.885
0.689,0.929
0.938,0.948
1.046,0.943
0.982,0.973
0.802,0.958
0.489,0.929
0.127,0.943
0.000,0.890
0.000,0.865
0.000,0.831
0.000,0.767
0.000,0.762
0.000,0.762
0.000,0.753
0.000,0.836
0.147,0.880
0.547,0.904
0.811,0.968
0.987,0.953
1.036,0.958
0.934,0.978
0.694,0.934
0.347,0.924
0.000,0.919
0.000,0.865
0.000,0.860
0.000,0.806
0.000,0.758
0.000,0.772
0.000,0.753
0.000,0.787
0.000,0.865
0.283,0.885
0.635,0.919
0.890,0.958
1.022,0.943
1.017,0.968
0.850,0.968
0.572,0.934
0.210,0.943
0.000,0.904
0.000,0.860
0.000,0.846
0.000,0.777
0.000,0.762
0.000,0.772
0.000,0.743
0.000,0.816
0.049,0.880
0.425,0.894
0.748,0.948
0.963,0.958
1.036,0.948
0.958,0.963
0.762,0.948
0.445,0.934
0.068,0.938
0.000,0.885
0.000,0.865
0.000,0.821
0.000,0.762
0.000,0.767
0.000,0.758
0.000,0.758
0.000,0.846
0.200,0.880
0.552,0.909
0.836,0.963
1.002,0.953
1.022,0.963
0.899,0.973
0.650,0.929
0.308,0.929
0.000,0.909
0.000,0.865
0.000,0.860
0.000,0.797
0.000,0.758
0.000,0.772
0.000,0.743
0.000,0.797
0.000,0.870
0.337,0.880
0.665,0.924
0.934,0.953
1.036,0.943
0.978,0.973
0.821,0.958
0.528,0.934
0.156,0.943
0.000,0.894
0.000,0.860
0.000,0.836
0.000,0.772
0.000,0.762
0.000,0.767
0.000,0.743
0.000,0.831
0.098,0.875
0.469,0.899
0.777,0.958
0.982,0.953
1.036,0.948
0.948,0.973
0.728,0.934
0.415,0.934
0.020,0.924
0.000,0.875
0.000,0.860
0.000,0.811
0.000,0.758
0.000,0.772
0.000,0.753
0.000,0.767
0.000,0.855
0.244,0.875
0.606,0.909
0.870,0.953
1.036,0.938
1.017,0.963
0.890,0.968
0.611,0.929
0.249,0.938
0.000,0.909
0.000,0.865
0.000,0.850
0.000,0.787
0.000,0.762
0.000,0.772
0.000,0.743
0.000,0.811
0.000,0.870
0.381,0.880
0.714,0.934
0.943,0.948
1.036,0.943
0.982,0.973
0.792,0.943
0.484,0.924
0.108,0.934
0.000,0.885
0.000,0.865
0.000,0.826
0.000,0.762
0.000,0.767
0.000,0.762
0.000,0.753
0.000,0.841
0.152,0.875
0.523,0.904
0.816,0.963
0.997,0.953
1.031,0.963
0.919,0.978
0.684,0.929
0.347,0.929
0.000,0.914
0.000,0.865
0.000,0.860
0.000,0.802
0.000,0.758
0.000,0.772
0.000,0.748
0.000,0.792
0.000,0.865
0.303,0.885
0.645,0.924
0.894,0.958
1.031,0.943
1.007,0.973
0.782,0.963
0.567,0.934
0.200,0.943
0.000,0.904
0.000,0.865
0.000,0.846
0.000,0.777
0.000,0.762
0.000,0.767
0.000,0.738
0.000,0.821
0.059,0.870
0.435,0.899
0.728,0.953
0.963,0.948
1.036,0.948
0.963,0.978
0.758,0.934
0.430,0.934
0.049,0.938
0.000,0.880
0.000,0.865
0.000,0.816
0.000,0.762
0.000,0.767
0.000,0.758
0.000,0.762
0.000,0.850
0.249,0.875
0.562,0.914
0.850,0.963
1.031,0.943
1.026,0.963
0.899,0.973
0.621,0.929
0.288,0.934
0.000,0.909
0.000,0.865
0.000,0.860
0.000,0.797
0.000,0.758
0.000,0.772
0.000,0.743
0.000,0.802
0.000,0.880
0.352,0.880
0.684,0.929
0.929,0.948
1.046,0.943
0.992,0.973
0.821,0.953
0.528,0.934
0.152,0.943
0.000,0.890
0.000,0.865
0.000,0.831
0.000,0.767
0.000,0.762
0.000,0.762
0.000,0.743
0.000,0.831
0.117,0.875
0.489,0.904
0.792,0.953
0.973,0.943
1.036,0.953
0.938,0.973
0.714,0.929
0.455,0.934
0.000,0.924
0.000,0.865
0.000,0.865
0.000,0.806
0.000,0.758
0.000,0.772
0.000,0.753
0.000,0.777
0.000,0.855
0.235,0.880
0.616,0.919
0.880,0.953
1.026,0.943
1.017,0.968
0.870,0.968
0.596,0.929
0.244,0.938
0.000,0.904
0.000,0.860
0.000,0.850
0.000,0.782
0.000,0.762
0.000,0.772
0.000,0.743
0.000,0.811
0.015,0.870
0.367,0.885
0.728,0.938
0.914,0.948
1.041,0.943
0.997,0.973
0.782,0.938
0.474,0.934
0.093,0.938
0.000,0.885
0.000,0.870
0.000,0.821
0.000,0.762
0.000,0.772
0.000,0.758
0.000,0.758
0.000,0.841
0.161,0.875
0.528,0.909
0.821,0.963
0.997,0.953
1.031,0.963
0.919,0.978
0.674,0.929
0.347,0.934
0.000,0.909
0.000,0.865
0.000,0.865
0.000,0.797
0.000,0.758
0.000,0.772
0.000,0.743
0.000,0.797
0.000,0.865
0.308,0.880
0.655,0.924
0.909,0.953
1.031,0.943
1.002,0.973
0.841,0.963
0.557,0.938
0.191,0.943
0.000,0.899
0.000,0.870
0.000,0.841
0.000,0.772
0.000,0.762
0.000,0.767
0.000,0.738
0.000,0.826
0.068,0.880
0.450,0.904
0.762,0.958
0.968,0.958
1.041,0.958
0.958,0.978
0.748,0.934
0.420,0.934
0.112,0.934
0.000,0.880
0.000,0.870
0.000,0.811
0.000,0.762
0.000,0.772
0.000,0.753
0.000,0.767
0.000,0.850
0.220,0.875
0.577,0.919
0.860,0.963
1.012,0.948
1.026,0.968
0.894,0.968
0.630,0.924
0.283,0.934
0.000,0.904
0.000,0.865
0.000,0.860
0.000,0.792
0.000,0.762
0.000,0.772
0.000,0.743
0.000,0.811
0.000,0.870
0.318,0.880
0.694,0.934
0.938,0.948
1.036,0.943
0.978,0.973
0.792,0.943
0.513,0.934
0.152,0.943
0.000,0.890
0.000,0.865
0.000,0.826
0.000,0.767
0.000,0.767
0.000,0.762
0.000,0.748
0.000,0.836
0.127,0.875
0.474,0.904
0.797,0.958
0.953,0.938
1.036,0.953
0.938,0.973
0.704,0.929
0.367,0.929
0.000,0.914
0.000,0.865
0.000,0.865
0.000,0.802
0.000,0.758
0.000,0.772
0.000,0.748
0.000,0.787
0.000,0.865
0.269,0.880
0.621,0.924
0.885,0.958
1.022,0.943
1.017,0.973
0.865,0.963
0.601,0.929
0.235,0.938
0.000,0.899
0.000,0.865
0.000,0.846
0.000,0.777
0.000,0.762
0.000,0.767
0.000,0.738
0.000,0.821
0.029,0.860
0.411,0.890
0.758,0.948
0.953,0.948
1.041,0.948
0.973,0.978
0.772,0.948
0.469,0.934
0.088,0.938
0.000,0.885
0.000,0.870
0.000,0.821
0.000,0.762
0.000,0.772
0.000,0.758
0.000,0.758
0.000,0.846
0.142,0.875
0.547,0.914
0.836,0.963
0.997,0.948
1.022,0.968
0.919,0.973
0.670,0.929
0.327,0.938
0.000,0.909
0.000,0.865
0.000,0.865
0.000,0.797
0.000,0.762
0.000,0.772
0.000,0.743
0.000,0.797
0.000,0.865
0.337,0.880
0.660,0.929
0.909,0.948
1.036,0.943
1.007,0.973
0.831,0.958
0.543,0.938
0.196,0.948
0.000,0.894
0.000,0.870
0.000,0.841
0.000,0.772
0.000,0.767
0.000,0.762
0.000,0.743
0.000,0.831
0.088,0.875
0.455,0.904
0.772,0.963
0.953,0.953
1.036,0.958
0.943,0.978
0.738,0.934
0.415,0.938
0.034,0.924
0.000,0.870
0.000,0.870
0.000,0.806
0.000,0.758
0.000,0.772
0.000,0.753
0.000,0.772
0.000,0.850
0.235,0.875
0.552,0.924
0.865,0.958
1.012,0.943
1.022,0.973
0.890,0.968
0.626,0.929
0.274,0.938
0.000,0.904
0.000,0.870
0.000,0.860
0.000,0.787
0.000,0.762
0.000,0.772
0.000,0.738
0.000,0.811
0.000,0.865
0.371,0.885
0.689,0.938
0.938,0.943
1.012,0.943
0.987,0.968
0.802,0.948
0.503,0.938
0.127,0.943
0.000,0.885
0.000,0.870
0.000,0.826
0.000,0.762
0.000,0.772
0.000,0.758
0.000,0.753
0.000,0.841
0.127,0.870
0.503,0.909
0.802,0.963
0.987,0.948
1.031,0.963
0.929,0.973
0.699,0.929
0.367,0.929
0.000,0.909
0.000,0.865
0.000,0.870
0.000,0.802
0.000,0.758
0.000,0.772
0.000,0.743
0.000,0.792
0.000,0.865
0.279,0.880
0.635,0.924
0.890,0.953
1.022,0.943
1.017,0.973
0.860,0.963
0.587,0.929
0.225,0.943
0.000,0.899
0.000,0.870
0.000,0.846
0.000,0.777
0.000,0.767
0.000,0.767
0.000,0.738
0.000,0.821
0.034,0.865
0.415,0.899
0.738,0.948
0.953,0.948
1.041,0.953
0.968,0.973
0.767,0.943
0.459,0.943
0.078,0.938
0.000,0.885
0.000,0.875
0.000,0.816
0.000,0.762
0.000,0.772
0.000,0.753
0.000,0.762
0.000,0.850
0.186,0.875
0.547,0.919
0.836,0.963
1.002,0.948
1.022,0.968
0.914,0.968
0.660,0.919
0.318,0.938
0.000,0.904
0.000,0.865
0.000,0.865
0.000,0.792
0.000,0.762
0.000,0.772
0.000,0.738
0.000,0.802
0.000,0.865
0.318,0.880
0.670,0.934
0.914,0.948
1.031,0.943
0.997,0.978
0.826,0.953
0.533,0.938
0.176,0.943
0.000,0.890
0.000,0.865
0.000,0.836
0.000,0.767
0.000,0.767
0.000,0.758
0.000,0.743
0.000,0.831
0.088,0.870
0.459,0.904
0.777,0.963
0.973,0.948
1.041,0.958
0.953,0.973
0.733,0.929
0.406,0.934
0.029,0.919
0.000,0.870
0.000,0.875
0.000,0.806
0.000,0.762
0.000,0.772
0.000,0.748
0.000,0.772
0.000,0.850
0.230,0.875
0.591,0.919
0.860,0.953
0.997,0.938
1.022,0.973
0.885,0.963
0.621,0.924
0.269,0.938
0.000,0.904
0.000,0.870
0.000,0.860
0.000,0.782
0.000,0.767
0.000,0.767
0.000,0.738
0.000,0.816
0.000,0.865
0.381,0.885
0.704,0.938
0.938,0.943
1.036,0.943
0.992,0.973
0.802,0.943
0.499,0.934
0.127,0.938
0.000,0.885
0.000,0.870
0.000,0.821
0.000,0.762
0.000,0.772
0.000,0.758
0.000,0.753
0.000,0.841
0.137,0.870
0.503,0.914
0.806,0.963
0.992,0.943
1.036,0.968
0.924,0.973
0.689,0.929
0.362,0.938
0.000,0.909
0.000,0.865
0.000,0.870
0.000,0.797
0.000,0.762
0.000,0.772
0.000,0.743
0.000,0.792
0.000,0.865
0.283,0.880
0.630,0.929
0.894,0.948
1.026,0.943
1.012,0.978
0.860,0.958
0.572,0.943
0.220,0.953
0.000,0.899
0.000,0.870
0.000,0.846
0.000,0.772
0.000,0.767
0.000,0.762
0.000,0.738
0.000,0.826
0.039,0.870
0.425,0.899
0.743,0.953
0.968,0.943
1.036,0.953
0.982,0.973
0.762,0.938
0.391,0.938
0.073,0.938
0.000,0.880
0.000,0.875
0.000,0.811
0.000,0.762
0.000,0.772
0.000,0.753
0.000,0.762
0.000,0.850
0.191,0.870
0.552,0.919
0.841,0.963
1.026,0.948
1.026,0.973
0.914,0.963
0.655,0.929
0.308,0.938
0.000,0.904
0.000,0.870
0.000,0.865
0.000,0.787
0.000,0.767
0.000,0.772
0.000,0.738
0.000,0.806
0.000,0.865
0.323,0.880
0.670,0.934
0.924,0.943
1.031,0.943
1.002,0.978
0.850,0.948
0.538,0.938
0.171,0.943
0.000,0.890
0.000,0.870
0.000,0.836
0.000,0.767
0.000,0.772
0.000,0.758
0.000,0.743
0.000,0.831
0.088,0.870
0.469,0.909
0.777,0.963
1.017,0.948
1.036,0.963
0.948,0.973
0.733,0.929
0.401,0.934
0.020,0.909
0.000,0.865
0.000,0.870
0.000,0.802
0.000,0.762
0.000,0.772
0.000,0.743
0.000,0.777
0.000,0.850
0.249,0.875
0.596,0.919
0.870,0.948
1.017,0.943
1.022,0.973
0.880,0.963
0.621,0.929
0.249,0.938
0.000,0.899
0.000,0.875
0.000,0.850
0.000,0.777
0.000,0.767
0.000,0.767
0.000,0.738
0.000,0.816
0.000,0.860
0.342,0.885
0.709,0.938
0.943,0.938
1.041,0.948
0.982,0.973
0.797,0.934
0.489,0.934
0.122,0.943
0.000,0.880
0.000,0.875
0.000,0.821
0.000,0.762
0.000,0.772
0.000,0.753
0.000,0.753
0.000,0.841
0.147,0.865
0.513,0.914
0.811,0.958
0.992,0.943
1.036,0.968
0.914,0.968
0.694,0.929
0.357,0.938
0.044,0.909
0.000,0.870
0.000,0.870
0.000,0.792
0.000,0.767
0.000,0.772
0.000,0.738
0.000,0.802
0.000,0.865
0.283,0.880
0.635,0.934
0.890,0.948
1.022,0.943
0.982,0.978
0.850,0.958
0.577,0.938
0.210,0.943
0.000,0.894
0.000,0.870
0.000,0.846
0.000,0.772
0.000,0.772
0.000,0.762
0.000,0.738
0.000,0.826
0.064,0.870
0.430,0.904
0.767,0.953
0.958,0.938
1.046,0.953
0.968,0.973
0.758,0.929
0.445,0.943
0.064,0.938
0.000,0.880
0.000,0.880
0.000,0.811
0.000,0.762
0.000,0.772
0.000,0.748
0.000,0.767
0.000,0.846
0.205,0.865
0.557,0.924
0.841,0.963
1.007,0.948
1.026,0.978
0.904,0.963
0.655,0.934
0.308,0.943
0.000,0.904
0.000,0.870
0.000,0.865
0.000,0.787
0.000,0.767
0.000,0.772
0.000,0.738
0.000,0.811
0.000,0.860
0.337,0.880
0.670,0.938
0.919,0.943
1.036,0.948
0.997,0.978
0.821,0.948
0.533,0.943
0.166,0.943
0.000,0.885
0.000,0.870
0.000,0.831
0.000,0.767
0.000,0.772
0.000,0.758
0.000,0.743
0.000,0.836
0.103,0.865
0.474,0.904
0.782,0.953
0.973,0.938
1.017,0.958
0.948,0.973
0.723,0.929
0.406,0.943
0.015,0.914
0.000,0.870
0.000,0.870
0.000,0.802
0.000,0.762
0.000,0.772
0.000,0.743
0.000,0.777
0.000,0.850
0.249,0.870
0.601,0.924
0.894,0.948
1.017,0.943
1.002,0.978
0.875,0.958
0.611,0.929
0.254,0.943
0.000,0.894
0.000,0.875
0.000,0.850
0.000,0.777
0.000,0.767
0.000,0.767
0.000,0.738
0.000,0.821
0.010,0.860
0.386,0.880
0.718,0.938
0.938,0.938
1.036,0.953
0.973,0.973
0.792,0.934
0.489,0.938
0.112,0.934
0.000,0.880
0.000,0.875
0.000,0.816
0.000,0.762
0.000,0.772
0.000,0.753
0.000,0.758
0.000,0.841
0.152,0.865
0.518,0.914
0.816,0.958
0.997,0.948
1.036,0.973
0.929,0.968
0.684,0.924
0.337,0.943
0.000,0.904
0.000,0.870
0.000,0.870
0.000,0.792
0.000,0.767
0.000,0.772
0.000,0.738
0.000,0.802
0.000,0.865
0.293,0.875
0.645,0.934
0.899,0.943
1.046,0.943
1.012,0.978
0.846,0.953
0.572,0.943
0.225,0.948
0.000,0.890
0.000,0.875
delay,correlation
highshift: 0.0050
highr: 0.8120
0.958,0.914
0.743,0.899
0.425,0.929
0.044,0.914
0.000,0.875
0.000,0.875
0.000,0.806
0.000,0.762
0.000,0.777
0.000,0.743
0.000,0.772
0.000,0.850
0.220,0.870
0.577,0.934
0.855,0.963
1.012,0.948
1.007,0.978
0.890,0.963
0.630,0.929
0.279,0.943
0.000,0.894
0.000,0.875
0.000,0.860
0.000,0.782
0.000,0.772
0.000,0.767
0.000,0.738
0.000,0.816
0.000,0.860
0.362,0.885
0.704,0.938
0.924,0.938
1.036,0.948
0.992,0.973
0.806,0.943
0.503,0.943
0.142,0.938
0.000,0.885
0.000,0.880
0.000,0.821
0.000,0.767
0.000,0.777
0.000,0.753
0.000,0.753
0.000,0.836
0.117,0.865
0.499,0.914
0.806,0.958
0.987,0.943
1.036,0.963
0.934,0.968
0.709,0.929
0.376,0.934
0.000,0.904
0.000,0.870
0.000,0.870
0.000,0.792
0.000,0.767
0.000,0.772
0.000,0.738
0.000,0.797
0.000,0.860
0.269,0.880
0.621,0.934
0.885,0.948
1.022,0.943
1.017,0.978
0.865,0.953
0.591,0.934
0.235,0.943
0.000,0.894
0.000,0.875
0.000,0.846
0.000,0.772
0.000,0.772
0.000,0.762
0.000,0.738
0.000,0.826
0.029,0.860
0.415,0.894
0.738,0.943
0.953,0.934
1.036,0.953
0.973,0.973
0.777,0.938
0.543,0.943
0.088,0.929
0.000,0.880
0.000,0.880
0.000,0.811
0.000,0.762
0.000,0.777
0.000,0.743
0.000,0.767
0.000,0.846
0.171,0.865
0.538,0.919
0.831,0.958
1.007,0.948
1.031,0.978
0.914,0.968
0.670,0.929
0.327,0.943
0.000,0.899
0.000,0.875
0.000,0.865
0.000,0.787
0.000,0.772
0.000,0.772
0.000,0.738
0.000,0.811
0.000,0.860
0.323,0.880
0.665,0.938
0.904,0.938
1.031,0.943
1.002,0.978
0.836,0.948
0.547,0.943
0.181,0.943
0.000,0.890
0.000,0.880
0.000,0.831
0.000,0.772
0.000,0.777
0.000,0.758
0.000,0.743
0.000,0.831
0.083,0.860
0.484,0.909
0.772,0.958
0.958,0.943
1.046,0.963
1.007,0.973
0.738,0.929
0.391,0.948
0.034,0.924
0.000,0.875
0.000,0.875
0.000,0.802
0.000,0.767
0.000,0.772
0.000,0.743
0.000,0.777
0.000,0.850
0.239,0.870
0.587,0.924
0.860,0.953
1.022,0.943
1.022,0.978
0.880,0.963
0.626,0.934
0.279,0.943
0.000,0.890
0.000,0.875
0.000,0.860
0.000,0.782
0.000,0.772
0.000,0.767
0.000,0.738
0.000,0.821
0.000,0.860
0.371,0.885
0.684,0.938
0.934,0.938
1.036,0.953
0.987,0.973
0.802,0.938
0.499,0.943
0.122,0.934
0.000,0.880
0.000,0.880
0.000,0.821
0.000,0.767
0.000,0.777
0.000,0.748
0.000,0.758
0.000,0.841
0.064,0.860
0.503,0.919
0.811,0.958
0.987,0.943
1.026,0.968
0.880,0.968
0.699,0.929
0.362,0.943
0.000,0.904
0.000,0.870
0.000,0.870
0.000,0.792
0.000,0.767
0.000,0.772
0.000,0.738
0.000,0.797
0.000,0.855
0.279,0.880
0.626,0.934
0.890,0.943
1.026,0.943
1.017,0.978
0.860,0.948
0.577,0.943
0.225,0.943
0.000,0.890
0.000,0.875
0.000,0.841
0.000,0.772
0.000,0.777
0.000,0.758
0.000,0.738
0.000,0.826
0.039,0.865
0.415,0.904
0.718,0.948
0.953,0.934
1.041,0.958
0.973,0.973
0.772,0.938
0.455,0.953
0.078,0.929
0.000,0.890
0.000,0.880
0.000,0.806
0.000,0.767
0.000,0.777
0.000,0.743
0.000,0.767
0.000,0.846
0.186,0.865
0.552,0.929
0.831,0.958
1.007,0.948
1.031,0.978
0.914,0.963
0.670,0.929
0.303,0.943
0.000,0.894
0.000,0.875
0.000,0.865
0.000,0.782
0.000,0.772
0.000,0.767
0.000,0.738
0.000,0.811
0.000,0.860
0.323,0.885
0.674,0.938
0.919,0.938
1.031,0.948
1.002,0.982
0.826,0.943
0.547,0.948
0.166,0.943
0.000,0.890
0.000,0.880
0.000,0.831
0.000,0.767
0.000,0.777
0.000,0.753
0.000,0.748
0.000,0.836
0.093,0.860
0.464,0.914
0.772,0.958
0.978,0.943
1.036,0.968
0.953,0.968
0.728,0.929
0.411,0.948
0.020,0.909
0.000,0.870
0.000,0.875
0.000,0.797
0.000,0.767
0.000,0.772
0.000,0.738
0.000,0.782
0.000,0.846
0.235,0.870
0.591,0.929
0.846,0.943
1.017,0.943
1.026,0.978
0.880,0.953
0.621,0.934
0.264,0.938
0.000,0.890
0.000,0.880
0.000,0.855
0.000,0.777
0.000,0.777
0.000,0.762
0.000,0.738
0.000,0.821
0.000,0.855
0.376,0.890
0.709,0.938
0.938,0.934
1.036,0.953
0.987,0.973
0.816,0.929
0.494,0.943
0.112,0.929
0.000,0.880
0.000,0.880
0.000,0.816
0.000,0.767
0.000,0.777
0.000,0.748
0.000,0.758
0.000,0.841
0.142,0.865
0.513,0.919
0.802,0.958
0.992,0.943
1.031,0.978
0.934,0.963
0.802,0.929
0.357,0.943
0.010,0.899
0.000,0.875
0.000,0.870
0.000,0.787
0.000,0.772
0.000,0.772
0.000,0.738
0.000,0.802
0.000,0.855
0.288,0.880
0.626,0.938
0.894,0.938
1.022,0.948
1.017,0.978
0.841,0.948
0.572,0.943
0.220,0.938
0.000,0.890
0.000,0.875
0.000,0.836
0.000,0.772
0.000,0.777
0.000,0.758
0.000,0.743
0.000,0.831
0.034,0.855
0.425,0.904
0.743,0.953
0.963,0.934
1.036,0.958
0.973,0.968
0.782,0.929
0.450,0.948
0.103,0.924
0.000,0.880
0.000,0.880
0.000,0.802
0.000,0.767
0.000,0.772
0.000,0.743
0.000,0.772
0.000,0.846
0.191,0.865
0.557,0.929
0.841,0.953
1.002,0.943
1.026,0.978
0.899,0.958
0.655,0.934
0.308,0.948
0.000,0.894
0.000,0.880
0.000,0.865
0.000,0.782
0.000,0.772
0.000,0.762
0.000,0.738
0.000,0.816
0.000,0.855
0.342,0.890
0.679,0.938
0.919,0.934
1.036,0.953
1.002,0.978
0.806,0.943
0.538,0.948
0.147,0.938
0.000,0.885
0.000,0.880
0.000,0.826
0.000,0.767
0.000,0.777
0.000,0.753
0.000,0.753
0.000,0.836
0.088,0.860
0.474,0.914
0.787,0.953
0.982,0.934
1.022,0.968
0.948,0.963
0.723,0.929
0.401,0.938
0.049,0.904
0.000,0.870
0.000,0.870
0.000,0.792
0.000,0.767
0.000,0.772
0.000,0.738
0.000,0.787
0.000,0.846
0.244,0.875
0.596,0.929
0.870,0.948
1.007,0.943
1.022,0.982
0.909,0.953
0.611,0.934
0.230,0.938
0.000,0.890
0.000,0.885
0.000,0.850
0.000,0.777
0.000,0.777
0.000,0.762
0.000,0.738
0.000,0.826
0.000,0.855
0.396,0.890
0.709,0.938
0.953,0.934
1.036,0.958
0.992,0.973
0.792,0.929
0.484,0.948
0.117,0.929
0.000,0.880
0.000,0.885
0.000,0.811
0.000,0.767
0.000,0.777
0.000,0.743
0.000,0.762
0.000,0.841
0.147,0.860
0.547,0.924
0.816,0.953
0.997,0.948
1.036,0.978
0.924,0.963
0.689,0.934
0.347,0.943
0.000,0.885
0.000,0.875
0.000,0.865
0.000,0.787
0.000,0.772
0.000,0.767
0.000,0.738
0.000,0.806
0.000,0.855
0.293,0.880
0.645,0.938
0.899,0.938
1.031,0.953
1.022,0.978
0.850,0.948
0.567,0.948
0.205,0.943
0.000,0.890
0.000,0.880
0.000,0.836
0.000,0.772
0.000,0.777
0.000,0.753
0.000,0.743
0.000,0.831
0.054,0.860
0.435,0.909
0.758,0.948
0.963,0.934
1.036,0.963
0.963,0.968
0.758,0.929
0.440,0.948
0.064,0.924
0.000,0.885
0.000,0.880
0.000,0.802
0.000,0.767
0.000,0.772
0.000,0.738
0.000,0.777
0.000,0.841
0.200,0.865
0.543,0.934
0.846,0.953
1.041,0.948
1.026,0.982
0.934,0.958
0.650,0.934
0.298,0.943
0.000,0.894
0.000,0.880
0.000,0.860
0.000,0.782
0.000,0.777
0.000,0.762
0.000,0.738
0.000,0.816
0.000,0.855
0.342,0.885
0.679,0.938
0.924,0.934
1.031,0.953
0.997,0.978
0.782,0.943
0.528,0.948
0.108,0.938
0.000,0.885
0.000,0.885
0.000,0.821
0.000,0.767
0.000,0.777
0.000,0.748
0.000,0.753
0.000,0.841
0.108,0.860
0.484,0.914
0.782,0.948
0.982,0.934
1.036,0.968
0.948,0.963
0.718,0.929
0.386,0.943
0.010,0.899
0.000,0.875
0.000,0.870
0.000,0.792
0.000,0.772
0.000,0.772
0.000,0.738
0.000,0.792
0.000,0.850
0.254,0.875
0.611,0.934
0.836,0.943
1.017,0.948
1.022,0.978
0.875,0.953
0.606,0.938
0.249,0.938
0.000,0.890
0.000,0.885
0.000,0.846
0.000,0.777
0.000,0.777
0.000,0.758
0.000,0.743
0.000,0.826
0.010,0.850
0.411,0.894
0.718,0.938
1.007,0.929
1.041,0.958
0.968,0.968
0.782,0.929
0.484,0.948
0.103,0.929
0.000,0.880
0.000,0.880
0.000,0.806
0.000,0.767
0.000,0.777
0.000,0.743
0.000,0.767
0.000,0.841
0.156,0.860
0.528,0.924
0.811,0.953
0.997,0.948
1.046,0.982
0.919,0.963
0.674,0.934
0.337,0.943
0.000,0.899
0.000,0.875
0.000,0.865
0.000,0.782
0.000,0.772
0.000,0.767
0.000,0.738
0.000,0.811
0.000,0.855
0.298,0.880
0.645,0.938
0.904,0.934
1.012,0.953
1.007,0.978
0.841,0.943
0.562,0.948
0.200,0.938
0.000,0.890
0.000,0.885
0.000,0.831
0.000,0.772
0.000,0.782
0.000,0.753
0.000,0.748
0.000,0.831
0.098,0.860
0.440,0.914
0.772,0.953
0.963,0.938
1.046,0.973
0.963,0.968
0.748,0.934
0.435,0.953
0.054,0.924
0.000,0.885
0.000,0.880
0.000,0.797
0.000,0.772
0.000,0.772
0.000,0.738
0.000,0.782
0.000,0.846
0.210,0.865
0.601,0.934
0.841,0.953
1.017,0.948
1.026,0.982
0.894,0.953
0.709,0.938
0.293,0.943
0.000,0.890
0.000,0.880
0.000,0.860
0.000,0.782
0.000,0.777
0.000,0.762
0.000,0.738
0.000,0.821
0.000,0.855
0.352,0.885
0.684,0.934
0.929,0.934
1.031,0.953
0.997,0.978
0.811,0.938
0.533,0.953
0.147,0.934
0.000,0.885
0.000,0.885
0.000,0.821
0.000,0.772
0.000,0.777
0.000,0.743
0.000,0.758
0.000,0.836
0.112,0.860
0.484,0.919
0.797,0.948
0.982,0.934
1.036,0.968
0.948,0.963
0.718,0.934
0.386,0.943
0.000,0.899
0.000,0.875
0.000,0.870
0.000,0.787
0.000,0.772
0.000,0.772
0.000,0.738
0.000,0.802
0.000,0.850
0.288,0.880
0.611,0.934
0.880,0.943
1.017,0.953
0.978,0.982
0.870,0.948
0.591,0.938
0.244,0.938
0.000,0.890
0.000,0.885
0.000,0.841
0.000,0.772
0.000,0.782
0.000,0.753
0.000,0.743
0.000,0.826
0.034,0.850
0.406,0.894
0.723,0.938
0.938,0.929
1.036,0.958
0.982,0.968
0.782,0.929
0.469,0.953
0.098,0.934
0.000,0.885
0.000,0.885
0.000,0.802
0.000,0.772
0.000,0.777
0.000,0.738
0.000,0.767
0.000,0.836
0.166,0.860
0.533,0.929
0.821,0.953
0.997,0.948
1.026,0.982
0.904,0.958
0.674,0.934
0.332,0.938
0.000,0.894
0.000,0.880
0.000,0.865
0.000,0.782
0.000,0.777
0.000,0.762
0.000,0.738
0.000,0.811
0.000,0.855
0.308,0.885
0.660,0.938
0.904,0.929
1.031,0.953
1.007,0.978
0.821,0.943
0.552,0.948
0.191,0.938
0.000,0.890
0.000,0.885
0.000,0.831
0.000,0.772
0.000,0.782
0.000,0.748
0.000,0.753
0.000,0.831
0.068,0.855
0.445,0.919
0.767,0.953
0.973,0.938
1.051,0.973
0.963,0.963
0.748,0.934
0.425,0.953
0.068,0.919
0.000,0.885
0.000,0.880
0.000,0.797
0.000,0.772
0.000,0.772
0.000,0.738
0.000,0.782
0.000,0.841
0.220,0.870
0.577,0.938
0.855,0.953
1.017,0.953
1.031,0.982
0.894,0.953
0.635,0.938
0.254,0.938
0.000,0.890
0.000,0.885
0.000,0.855
0.000,0.782
0.000,0.782
0.000,0.758
0.000,0.738
0.000,0.821
0.000,0.850
0.357,0.890
0.689,0.938
0.929,0.929
1.041,0.958
0.992,0.973
0.802,0.938
0.503,0.953
0.142,0.934
0.000,0.885
0.000,0.885
0.000,0.816
0.000,0.772
0.000,0.777
0.000,0.743
0.000,0.762
0.000,0.836
0.122,0.865
0.494,0.924
0.797,0.943
0.982,0.938
1.041,0.978
0.938,0.963
0.704,0.934
0.371,0.943
0.000,0.894
0.000,0.875
0.000,0.870
0.000,0.787
0.000,0.777
0.000,0.767
0.000,0.738
0.000,0.802
0.000,0.850
0.269,0.880
0.621,0.938
0.890,0.934
1.095,0.953
1.017,0.978
0.865,0.943
0.601,0.938
0.235,0.938
0.000,0.885
0.000,0.880
0.000,0.836
0.000,0.772
0.000,0.782
0.000,0.753
0.000,0.743
0.000,0.826
0.024,0.850
0.411,0.904
0.733,0.938
0.953,0.929
1.041,0.973
0.973,0.968
0.792,0.929
0.455,0.953
0.088,0.924
0.000,0.885
0.000,0.885
0.000,0.797
0.000,0.772
0.000,0.777
0.000,0.738
0.000,0.772
0.000,0.836
0.200,0.865
0.543,0.934
0.831,0.953
1.002,0.943
1.031,0.982
0.909,0.953
0.670,0.938
0.332,0.943
0.000,0.890
0.000,0.880
0.000,0.865
0.000,0.782
0.000,0.782
0.000,0.762
0.000,0.738
0.000,0.816
0.000,0.850
0.318,0.885
0.660,0.938
0.914,0.934
1.031,0.953
1.007,0.978
0.836,0.943
0.547,0.953
0.176,0.938
0.000,0.890
0.000,0.885
0.000,0.826
0.000,0.772
0.000,0.782
0.000,0.743
0.000,0.753
0.000,0.831
0.078,0.855
0.455,0.919
0.767,0.958
0.982,0.943
1.036,0.978
0.958,0.968
0.738,0.934
0.455,0.953
0.039,0.919
0.000,0.885
0.000,0.880
0.000,0.792
0.000,0.777
0.000,0.772
0.000,0.738
0.000,0.787
0.000,0.841
0.225,0.865
0.572,0.929
0.860,0.938
1.007,0.948
1.022,0.978
0.890,0.948
0.635,0.948
0.274,0.943
0.000,0.890
0.000,0.890
0.000,0.855
0.000,0.782
0.000,0.782
0.000,0.758
0.000,0.743
0.000,0.826
0.000,0.846
0.362,0.890
0.704,0.938
0.934,0.929
1.031,0.958
0.987,0.968
0.802,0.938
0.503,0.958
0.132,0.929
0.000,0.885
0.000,0.885
0.000,0.806
0.000,0.772
0.000,0.777
0.000,0.738
0.000,0.762
0.000,0.836
0.132,0.855
0.503,0.929
0.802,0.953
0.987,0.943
1.036,0.973
0.934,0.958
0.699,0.934
0.371,0.943
0.000,0.894
0.000,0.880
0.000,0.865
0.000,0.787
0.000,0.777
0.000,0.762
0.000,0.738
0.000,0.806
0.000,0.850
0.279,0.880
0.626,0.938
0.885,0.934
1.017,0.953
1.017,0.978
0.865,0.943
0.587,0.943
0.225,0.938
0.000,0.885
0.000,0.885
0.000,0.836
0.000,0.777
0.000,0.777
0.000,0.748
0.000,0.748
0.000,0.826
0.034,0.846
0.415,0.909
0.738,0.948
0.953,0.929
1.041,0.968
0.968,0.963
0.767,0.938
0.445,0.953
0.073,0.919
0.000,0.890
0.000,0.885
0.000,0.797
0.000,0.772
0.000,0.772
0.000,0.738
0.000,0.777
0.000,0.836
0.186,0.865
0.547,0.934
0.836,0.948
1.002,0.948
1.026,0.982
0.909,0.953
0.660,0.938
0.318,0.943
0.000,0.890
0.000,0.885
0.000,0.860
0.000,0.782
0.000,0.782
0.000,0.762
0.000,0.738
0.000,0.821
0.000,0.846
0.327,0.890
0.670,0.938
0.914,0.929
1.031,0.958
1.002,0.978
0.831,0.943
0.538,0.958
0.176,0.934
0.000,0.890
0.000,0.885
0.000,0.821
0.000,0.772
0.000,0.777
0.000,0.743
0.000,0.753
0.000,0.831
0.093,0.855
0.464,0.924
0.777,0.953
0.978,0.943
1.036,0.978
0.953,0.963
0.738,0.934
0.411,0.953
0.064,0.909
0.000,0.885
0.000,0.875
0.000,0.792
0.000,0.777
0.000,0.767
0.000,0.738
0.000,0.792
0.000,0.841
0.166,0.870
0.591,0.929
0.865,0.934
1.022,0.948
1.022,0.978
0.885,0.943
0.616,0.943
0.239,0.938
0.000,0.890
0.000,0.890
0.000,0.850
0.000,0.782
0.000,0.782
0.000,0.753
0.000,0.743
0.000,0.821
0.000,0.846
0.367,0.894
0.709,0.938
0.943,0.929
1.036,0.963
0.982,0.963
0.792,0.934
0.494,0.948
0.122,0.924
0.000,0.885
0.000,0.885
0.000,0.802
0.000,0.772
0.000,0.777
0.000,0.738
0.000,0.767
0.000,0.836
0.142,0.860
0.513,0.929
0.806,0.948
0.992,0.943
1.036,0.982
0.938,0.953
0.694,0.938
0.357,0.943
0.000,0.890
0.000,0.880
0.000,0.865
0.000,0.782
0.000,0.782
0.000,0.762
0.000,0.738
0.000,0.811
0.000,0.846
0.283,0.880
0.635,0.938
0.899,0.943
1.022,0.958
0.987,0.978
0.855,0.943
0.582,0.958
0.215,0.938
0.000,0.894
0.000,0.890
0.000,0.831
0.000,0.777
0.000,0.782
0.000,0.748
0.000,0.748
0.000,0.831
0.044,0.855
0.425,0.919
0.748,0.948
0.963,0.934
1.036,0.973
0.982,0.963
0.762,0.938
0.450,0.953
0.068,0.919
0.000,0.890
0.000,0.885
0.000,0.797
0.000,0.777
0.000,0.772
0.000,0.738
0.000,0.782
0.000,0.836
0.196,0.865
0.562,0.924
0.846,0.948
1.017,0.953
1.026,0.982
0.904,0.953
0.650,0.943
0.303,0.938
0.000,0.890
0.000,0.890
0.000,0.855
0.000,0.782
0.000,0.782
0.000,0.758
0.000,0.743
0.000,0.821
0.000,0.846
0.337,0.890
0.674,0.938
0.919,0.929
1.041,0.958
0.997,0.973
0.821,0.943
0.533,0.958
0.161,0.929
0.000,0.885
0.000,0.885
0.000,0.816
0.000,0.777
0.000,0.777
0.000,0.743
0.000,0.758
0.000,0.831
0.103,0.855
0.479,0.924
0.782,0.943
0.978,0.934
1.036,0.973
0.948,0.953
0.694,0.938
0.401,0.943
0.015,0.894
0.000,0.880
0.000,0.870
0.000,0.787
0.000,0.777
0.000,0.762
0.000,0.738
0.000,0.797
0.000,0.841
0.239,0.875
0.601,0.934
0.870,0.934
1.017,0.958
1.017,0.978
0.875,0.943
0.611,0.943
0.254,0.934
0.000,0.890
0.000,0.885
0.000,0.836
0.000,0.777
0.000,0.782
0.000,0.748
0.000,0.748
0.000,0.826
0.010,0.846
0.386,0.899
0.718,0.938
1.007,0.929
1.036,0.973
0.987,0.968
0.787,0.929
0.484,0.953
0.117,0.919
0.000,0.890
0.000,0.885
0.000,0.802
0.000,0.777
0.000,0.772
0.000,0.738
0.000,0.772
0.000,0.831
0.152,0.860
0.523,0.934
0.816,0.948
0.997,0.948
1.036,0.982
0.924,0.953
0.679,0.938
0.347,0.938
0.000,0.894
0.000,0.885
0.000,0.865
0.000,0.787
0.000,0.782
0.000,0.762
0.000,0.738
0.000,0.811
0.000,0.841
0.298,0.885
0.645,0.938
0.894,0.929
1.026,0.958
0.973,0.973
0.850,0.938
0.547,0.958
0.205,0.934
0.000,0.890
0.000,0.890
0.000,0.826
0.000,0.777
0.000,0.782
0.000,0.743
0.000,0.753
0.000,0.831
0.054,0.855
0.425,0.924
0.782,0.943
0.968,0.934
1.061,0.973
0.963,0.958
0.762,0.938
0.435,0.953
0.059,0.914
0.000,0.890
0.000,0.880
0.000,0.792
0.000,0.777
0.000,0.767
0.000,0.738
0.000,0.787
0.000,0.836
0.205,0.870
0.557,0.938
0.850,0.943
0.943,0.958
1.031,0.982
0.865,0.948
0.640,0.943
0.293,0.938
0.000,0.890
0.000,0.890
0.000,0.855
0.000,0.782
0.000,0.787
0.000,0.753
0.000,0.743
0.000,0.821
0.000,0.846
0.347,0.894
0.689,0.938
0.924,0.929
1.036,0.968
0.992,0.968
0.821,0.943
0.528,0.958
0.152,0.929
0.000,0.885
0.000,0.885
0.000,0.811
0.000,0.777
0.000,0.777
0.000,0.738
0.000,0.762
0.000,0.831
0.108,0.855
0.499,0.929
0.792,0.938
0.982,0.938
1.036,0.978
0.943,0.953
0.714,0.938
0.386,0.943
0.005,0.890
0.000,0.880
0.000,0.870
0.000,0.787
0.000,0.782
0.000,0.762
0.000,0.738
0.000,0.806
0.000,0.846
0.254,0.885
0.611,0.938
0.865,0.929
1.017,0.958
1.017,0.978
0.875,0.943
0.606,0.948
0.244,0.929
0.000,0.885
0.000,0.885
0.000,0.836
0.000,0.777
0.000,0.782
0.000,0.748
0.000,0.748
0.000,0.826
0.020,0.846
0.396,0.904
0.728,0.934
0.953,0.929
1.036,0.968
0.982,0.958
0.782,0.929
0.474,0.953
0.103,0.914
0.000,0.890
0.000,0.885
0.000,0.797
0.000,0.777
0.000,0.772
0.000,0.738
0.000,0.777
0.000,0.831
0.181,0.860
0.528,0.934
0.831,0.943
0.997,0.953
1.031,0.982
0.919,0.953
0.674,0.943
0.337,0.943
0.000,0.890
0.000,0.890
0.000,0.860
0.000,0.782
0.000,0.787
0.000,0.758
0.000,0.743
0.000,0.816
0.000,0.841
0.308,0.880
0.655,0.938
0.894,0.929
1.026,0.958
1.012,0.973
0.846,0.943
0.557,0.958
0.196,0.934
0.000,0.890
0.000,0.890
0.000,0.821
0.000,0.782
0.000,0.782
0.000,0.743
0.000,0.758
0.000,0.826
0.068,0.855
0.440,0.929
0.762,0.943
0.968,0.938
1.051,0.978
0.963,0.958
0.758,0.938
0.425,0.953
0.034,0.909
0.000,0.890
0.000,0.880
0.000,0.792
0.000,0.782
0.000,0.767
0.000,0.738
0.000,0.792
0.000,0.836
0.210,0.870
0.577,0.943
0.850,0.938
1.017,0.958
1.026,0.982
0.899,0.948
0.640,0.943
0.293,0.934
0.000,0.890
0.000,0.890
0.000,0.850
0.000,0.782
0.000,0.787
0.000,0.753
0.000,0.748
0.000,0.821
0.000,0.841
0.357,0.894
0.694,0.934
0.929,0.929
1.026,0.968
0.992,0.963
0.811,0.938
0.513,0.963
0.142,0.924
0.000,0.890
0.000,0.885
0.000,0.806
0.000,0.777
0.000,0.777
0.000,0.738
0.000,0.767
0.000,0.826
0.073,0.855
0.489,0.929
0.777,0.948
0.982,0.943
1.031,0.978
0.943,0.943
0.704,0.938
0.381,0.943
0.000,0.890
0.000,0.885
0.000,0.865
0.000,0.787
0.000,0.782
0.000,0.762
0.000,0.738
0.000,0.806
0.000,0.836
0.264,0.890
0.616,0.938
0.880,0.929
1.017,0.958
1.017,0.978
0.894,0.943
0.596,0.953
0.264,0.934
0.000,0.890
0.000,0.890
0.000,0.831
0.000,0.777
0.000,0.782
0.000,0.743
0.000,0.753
0.000,0.826
0.024,0.846
0.406,0.904
0.728,0.934
0.953,0.929
1.041,0.968
0.982,0.968
0.762,0.938
0.459,0.963
0.103,0.919
0.000,0.894
0.000,0.885
0.000,0.797
0.000,0.777
0.000,0.767
0.000,0.738
0.000,0.782
0.000,0.831
0.166,0.865
0.533,0.934
0.826,0.943
1.007,0.953
1.036,0.982
0.914,0.948
0.674,0.943
0.332,0.938
0.000,0.890
0.000,0.894
0.000,0.855
0.000,0.787
0.000,0.787
0.000,0.753
0.000,0.743
0.000,0.816
0.000,0.841
0.318,0.894
0.660,0.938
0.850,0.929
1.031,0.963
1.017,0.968
0.836,0.938
0.547,0.963
0.186,0.929
0.000,0.890
0.000,0.890
0.000,0.816
0.000,0.782
0.000,0.782
0.000,0.743
0.000,0.758
0.000,0.826
0.068,0.855
0.455,0.929
0.767,0.948
0.978,0.938
1.036,0.978
0.904,0.953
0.743,0.938
0.425,0.953
0.039,0.909
0.000,0.894
0.000,0.880
0.000,0.792
0.000,0.782
0.000,0.762
0.000,0.738
0.000,0.792
0.000,0.831
0.225,0.875
0.582,0.938
0.860,0.934
0.953,0.953
1.026,0.978
0.894,0.943
0.616,0.948
0.279,0.934
0.000,0.890
0.000,0.894
0.000,0.846
0.000,0.782
0.000,0.787
0.000,0.748
0.000,0.743
0.000,0.821
0.000,0.841
0.357,0.899
0.699,0.934
0.929,0.929
1.031,0.968
0.992,0.963
0.797,0.934
0.503,0.958
0.137,0.919
0.000,0.890
0.000,0.885
0.000,0.802
0.000,0.782
0.000,0.772
0.000,0.738
0.000,0.772
0.000,0.831
0.127,0.860
0.464,0.934
0.802,0.943
1.017,0.953
1.036,0.978
0.938,0.948
0.704,0.943
0.371,0.948
0.000,0.894
0.000,0.890
0.000,0.860
0.000,0.787
0.000,0.787
0.000,0.758
0.000,0.743
0.000,0.811
0.000,0.841
0.274,0.890
0.621,0.934
0.890,0.924
1.046,0.963
1.017,0.973
0.865,0.943
0.591,0.953
0.230,0.924
0.000,0.890
0.000,0.890
